0 0.53406413203125 0.08517749062499999 0.52590320703125 0.11456862578125 0.5406929453125 0.116955021875 0.5451553015624999 0.10756402265625001 0.5329221171875 0.10488901718750002 0.5343504875 0.102217 0.54488571953125 0.10414217265625 0.55153125234375 0.0890724515625 0.53406413203125 0.08517749062499999
0 0.53262048515625 0.2473320234375 0.53547777421875 0.27127551484375 0.54724788515625 0.27519830078125 0.546048509375 0.25001965078125 0.53262048515625 0.2473320234375
0 0.56490567265625 0.26620181171875 0.56372244765625 0.28669873515625 0.5763653125 0.29082494765625 0.5789742890625 0.2685965 0.56490567265625 0.26620181171875
0 0.499694446875 0.716222928125 0.4959839171875 0.7445783257812499 0.5083789890625 0.74906402578125 0.51088706328125 0.71846322265625 0.499694446875 0.716222928125
0 0.49613700234375 0.8001509484374999 0.4962640609375 0.805807440625 0.50218498984375 0.8069321765625 0.50239577265625 0.8013531140625 0.49613700234375 0.8001509484374999
0 0.552003378125 0.5858783890625 0.5552719875000001 0.5862848742187501 0.55480533203125 0.58432811796875 0.5449649484375 0.58224769453125 0.54395026953125 0.5911063249999999 0.5546051609375 0.593589828125 0.5538628578125 0.59263496875 0.5496616710937501 0.5905185109375 0.54649632109375 0.58821834921875 0.5519723234375 0.5872202843750001 0.552003378125 0.5858783890625
0 0.5380384171875 0.457138090625 0.5259508875 0.45457732421874997 0.51280429609375 0.49637668515625 0.51530485234375 0.51384147578125 0.528228728125 0.51620889453125 0.52576179921875 0.49959169687499994 0.5380384171875 0.457138090625
0 0.4473861765625 0.9003184382812501 0.44942383515625 0.9039747117187501 0.459655796875 0.905476446875 0.46148281484375 0.88875315859375 0.45169126796875 0.8866472640625 0.4473861765625 0.9003184382812501
0 0.5714349109375 0.17875059453125 0.5672193421875 0.22194984296875 0.58520567734375 0.22737945703125 0.59106296484375 0.1826187984375 0.5714349109375 0.17875059453125
0 0.40769061406249996 0.90913383671875 0.40810316015625 0.9279704546875 0.42692033828125 0.9325328453124999 0.42587885625000005 0.91302050625 0.40769061406249996 0.90913383671875
0 0.5362492109375 0.22416324062499998 0.53580770390625 0.24586497109375 0.5450744632812501 0.24831975546875001 0.543810496875 0.22592566875000003 0.5362492109375 0.22416324062499998
0 0.40636892343750003 0.9302184289062501 0.41126897109374994 0.94497431015625 0.42587920078124997 0.94873249609375 0.4246470875 0.933417928125 0.40636892343750003 0.9302184289062501
0 0.52204077109375 0.5577690671875 0.528893059375 0.55946758671875 0.52755095078125 0.5426821625 0.5235767085937499 0.54124512734375 0.51865450625 0.5407111945312499 0.52204077109375 0.5577690671875
0 0.5740638703125 0.15866041171875 0.5730766296875001 0.1771891859375 0.5926598882812499 0.18139969843749998 0.59264513671875 0.16228462500000002 0.5740638703125 0.15866041171875
0 0.4128125765625 0.94692410703125 0.42062851796875 0.9641273359375001 0.43037510390625 0.96657681640625 0.42251436875000004 0.94971589609375 0.4128125765625 0.94692410703125
0 0.51658269765625 0.5167994203124999 0.5181637257812499 0.536504646875 0.5269172625 0.5395676804687499 0.5267674578125 0.51845731484375 0.51658269765625 0.5167994203124999
0 0.49572696796875004 0.7913590546875 0.49564844296875005 0.79858658828125 0.50110442734375 0.8006256609375001 0.5007982109375 0.7923699796875 0.49572696796875004 0.7913590546875
0 0.59429245078125 0.06040949062499999 0.58892122734375 0.09045086484375 0.60405902890625 0.09291838984375 0.6080552015625 0.06238013671875 0.59429245078125 0.06040949062499999
0 0.51844135078125 0.1798346109375 0.5180002328125 0.19969239609375 0.53644461171875 0.20436269453125 0.53625870859375 0.18379409687499998 0.51844135078125 0.1798346109375
0 0.5876218515625 0.0907666265625 0.57623921015625 0.1420367390625 0.5976353390625 0.14613936640625 0.60506657578125 0.0948327421875 0.5876218515625 0.0907666265625
0 0.520315734375 0.13253716484375 0.5196787710937499 0.17588083203125 0.53568342578125 0.1799469265625 0.5382682328125 0.13548438125 0.520315734375 0.13253716484375
0 0.543991190625 0.20850801640625 0.53933528671875 0.216616646875 0.54596407421875 0.21816172265625 0.549225128125 0.20972797187499997 0.543991190625 0.20850801640625
0 0.53868117734375 0.42062305078125 0.524803453125 0.45150235859375 0.5393080757812501 0.45539256015624996 0.54480705390625 0.4212861765625 0.53868117734375 0.42062305078125
0 0.50713189453125 0.76119196015625 0.505625115625 0.7872706171875 0.51403837734375 0.78923162890625 0.5178984796874999 0.76370149765625 0.50713189453125 0.76119196015625
0 0.5028745812500001 0.688238803125 0.5008554562499999 0.71428491171875 0.5120311078124999 0.71765715703125 0.51492046640625 0.69027916640625 0.5028745812500001 0.688238803125