0 0.8869909664062501 0.43602539062499995 0.88977783203125 0.43700927734375006 0.8902697749999999 0.44684814453125005 0.9056823734374999 0.45111083984375 0.90551879921875 0.43471435546875004 0.87649658203125 0.43077880859375 0.87748046875 0.44455322265625 0.887154540625 0.44750244140625 0.8869909664062501 0.43602539062499995
0 0.75482055625 0.45275146484375 0.733232421875 0.45821533203125 0.732138671875 0.46941894531250006 0.7552307125 0.46531982421875 0.75482055625 0.45275146484375
0 0.74429931640625 0.48445068359375 0.7250341796875001 0.48581787109374996 0.7239404296874999 0.49784179687499996 0.7451196289062499 0.49756835937500005 0.74429931640625 0.48445068359375
0 0.312841796875 0.47868408203125 0.2857421875 0.47868408203125 0.284261475 0.49052490234375 0.31318359375 0.48916015625 0.312841796875 0.47868408203125
0 0.23423583984375 0.48545654296874996 0.22901733359374998 0.48624755859375 0.22925415 0.49178222656250004 0.2344738765625 0.49130859375 0.23423583984375 0.48545654296874996
0 0.441673584375 0.50609375 0.44378295859375 0.51096923828125 0.4450341796875 0.5108374023437501 0.44536376953124995 0.5138671875 0.44707763671875 0.5132080078125 0.4468798828125 0.503984375 0.43844482421875003 0.5041162109374999 0.43844482421875003 0.514130859375 0.43916992187500004 0.5133398437500001 0.44022460937499996 0.50925537109375 0.441673584375 0.50609375
0 0.56141235390625 0.482734375 0.56117431640625 0.47140380859375003 0.51956665078125 0.46440185546875 0.50390991171875 0.46876708984375004 0.50450805703125 0.48083740234374994 0.51938598671875 0.47660400390625 0.56141235390625 0.482734375
0 0.14457275390625 0.464423828125 0.1444091796875 0.45524169921875 0.1307995609375 0.45294677734375 0.12784912109375 0.45524169921875 0.1286682125 0.46475341796874997 0.14457275390625 0.464423828125
0 0.8268151859374999 0.47996826171875 0.78583984375 0.48127929687500004 0.7846923828125 0.49833251953125 0.8274707031249999 0.49833251953125 0.8268151859374999 0.47996826171875
0 0.11404296875 0.41779296875 0.09666259765625 0.42041748046875 0.0964990234375 0.438125 0.11437011718750001 0.43484619140624997 0.11404296875 0.41779296875
0 0.7770922851562501 0.4532958984375 0.7568701171875001 0.45548339843749996 0.7565966796875 0.464228515625 0.7770922851562501 0.46040283203125 0.7770922851562501 0.4532958984375
0 0.09420288125000001 0.41910400390625 0.0815771484375 0.42533447265625 0.08125 0.43910888671875004 0.0951867671875 0.4361572265625 0.09420288125000001 0.41910400390625
0 0.97460815390625 0.45367919921875 0.9647399906249999 0.45083251953125 0.96492919921875 0.46354736328125 0.97460815390625 0.46525634765625 0.97460815390625 0.45367919921875
0 0.48028320312500006 0.47958251953125003 0.47971435546874996 0.475029296875 0.46462646484375 0.48015380859374995 0.46453247031249995 0.4866064453125 0.4798095703125 0.48337890625 0.48028320312500006 0.47958251953125003
0 0.846015625 0.47996826171875 0.8286181640624999 0.48127929687500004 0.8289465328125001 0.49964355468750005 0.84667114296875 0.4973486328125 0.846015625 0.47996826171875
0 0.0801025390625 0.42697509765625 0.06583740234374999 0.4361572265625 0.06567260703125 0.44533935546875 0.0796105953125 0.4361572265625 0.0801025390625 0.42697509765625
0 0.50144287109375 0.47028564453125005 0.48350952109375 0.47407958984375 0.48256103515625004 0.48242919921875 0.50210693359375 0.47977294921875 0.50144287109375 0.47028564453125005
0 0.242301025 0.484033203125 0.23558105468749999 0.48482421875000004 0.234869384375 0.4900439453125 0.24245971640625 0.48877929687500005 0.242301025 0.484033203125
0 0.9415087890624999 0.48669189453125006 0.9124865718749999 0.48537841796875 0.9134704593749999 0.49947998046875003 0.94265625 0.49947998046875003 0.9415087890624999 0.48669189453125006
0 0.81435424765625 0.4317626953125 0.79584228515625 0.43373046875 0.7954980468749999 0.45111083984375 0.8145336914062501 0.448486328125 0.81435424765625 0.4317626953125
0 0.9119128421875 0.48423095703124996 0.8619030765625 0.47996826171875 0.8627233890625 0.49997314453125 0.9119128421875 0.50062744140625 0.9119128421875 0.48423095703124996
0 0.8586242671875001 0.42782714843749997 0.81828857421875 0.43241943359375 0.81797729453125 0.44750244140625 0.859771728125 0.44455322265625 0.8586242671875001 0.42782714843749997
0 0.7932849125 0.45848876953125 0.78475830078125 0.45520996093750005 0.78475830078125 0.4614404296875 0.7932849125 0.46340820312500003 0.7932849125 0.45848876953125
0 0.595416259375 0.47896240234375 0.5637780765625 0.469990234375 0.5633056640625 0.48368408203125 0.59612548828125 0.48462890625000005 0.595416259375 0.47896240234375
0 0.272744140625 0.49083496093749995 0.248232421875 0.4925732421875 0.248232421875 0.5004809570312501 0.272744140625 0.50095458984375 0.272744140625 0.49083496093749995
0 0.339482421875 0.47824462890625 0.31489013671875 0.47951171875 0.3141784671875 0.490107421875 0.34019409140625 0.48947509765625 0.339482421875 0.47824462890625
0 0.9664477539062499 0.43470214843750005 0.9674914546875 0.4373583984375 0.9697680664062499 0.43792724609375 0.9710974117187501 0.43394287109374996 0.97735961953125 0.44077392578124996 0.977548828125 0.43318359375000004 0.9722351078125 0.42559326171875 0.966068115625 0.42407470703124994 0.95572509765625 0.43033691406249996 0.9558203125 0.43849853515625004 0.9652136234375 0.43280517578125 0.9664477539062499 0.43470214843750005