0 0.6214270015625 0.42974853515625 0.60074340859375 0.43994873046875 0.6001770015625 0.46148193359375 0.6222766109375 0.45184814453125 0.6214270015625 0.42974853515625
0 0.43743896484375 0.488056640625 0.4349792484375 0.48778320312499995 0.43511596640625 0.49489013671875004 0.43757568359375 0.49489013671875004 0.43743896484375 0.488056640625
0 0.7588427734375001 0.3821484375 0.72512573203125 0.3844140625 0.7237097171875 0.42068115234375 0.7611083984375 0.42068115234375 0.7588427734375001 0.3821484375
0 0.7157763671875 0.37988037109375 0.6727099609375 0.3940478515625 0.6732763671875001 0.4133154296875 0.71549194375 0.40254882812500004 0.7157763671875 0.37988037109375
0 0.22806396484375 0.47734619140624995 0.18379394531249998 0.47341064453125004 0.181826171875 0.501611328125 0.22642456015625 0.50194091796875 0.22806396484375 0.47734619140624995
0 0.8469580078125001 0.38894775390624997 0.80644165 0.37988037109375 0.8078588867187501 0.39744873046875 0.8469580078125001 0.407080078125 0.8469580078125001 0.38894775390624997
0 0.71350952109375 0.42521484374999996 0.6738427734375 0.4359814453125 0.6729931640625 0.45864746093750003 0.7160595703125 0.45241455078125004 0.71350952109375 0.42521484374999996
0 0.6585424804687501 0.44901367187499996 0.63644287109375 0.4558154296875 0.63615966796875 0.46601318359375005 0.65825927734375 0.4609130859375 0.6585424804687501 0.44901367187499996
0 0.59791015625 0.44164794921875006 0.58147705078125 0.45128173828125 0.58260986328125 0.4824462890625 0.598193359375 0.47904785156249996 0.59791015625 0.44164794921875006
0 0.4598474125 0.48723876953125 0.44017211953124996 0.48750976562500004 0.43976196328125 0.49516357421875 0.45957397499999997 0.4965283203125 0.4598474125 0.48723876953125
0 0.800775146875 0.3923486328125 0.7676257328125 0.3912158203125 0.7676257328125 0.41841552734375 0.8016247562500001 0.4167138671875 0.800775146875 0.3923486328125