0 0.5574269882812499 0.5521456328125 0.54325021328125 0.53197111875 0.5194356109375 0.5363410984375 0.53318894296875 0.55818968828125 0.5574269882812499 0.5521456328125
0 0.46706028593750004 0.36517603515624997 0.46701276484375 0.3624325921875 0.45919877734375003 0.3642275421875 0.4595476859375 0.36690765703125 0.46706028593750004 0.36517603515624997
0 0.6293849125000001 0.6908499570312501 0.62210497265625 0.65463649765625 0.58192991484375 0.6614931421875 0.5872348828125 0.7022428515625 0.6293849125000001 0.6908499570312501
0 0.625775884375 0.643399390625 0.60405132109375 0.59975533203125 0.58289461640625 0.6048349046875 0.6007499843749999 0.6483395468750001 0.625775884375 0.643399390625
0 0.4491658796875 0.13455987890625 0.44722404609375 0.085411659375 0.41586165078125 0.089798909375 0.4218246109375 0.13846977265625 0.4491658796875 0.13455987890625
0 0.63438965390625 0.78843530234375 0.63863666796875 0.7421885382812501 0.6194735609375 0.74780163515625 0.6144039007812501 0.7926347890625001 0.63438965390625 0.78843530234375
0 0.57548591640625 0.65142899375 0.557992096875 0.61070156171875 0.5328887171875001 0.61502532421875 0.5458676640625 0.6605070468750001 0.57548591640625 0.65142899375
0 0.5414574265625001 0.59704861171875 0.53082560546875 0.5745441171875 0.5195452984375 0.57659736171875 0.52830151953125 0.5994959640624999 0.5414574265625001 0.59704861171875
0 0.54097541171875 0.5292775421875 0.52802586640625 0.51360319140625 0.49383646328125 0.5220552859375001 0.49979278359375 0.538248021875 0.54097541171875 0.5292775421875
0 0.47114037499999994 0.38940292187500003 0.46805075625 0.3680274296875 0.45955641953125 0.36935316171875 0.46086248906250005 0.3912564640625 0.47114037499999994 0.38940292187500003
0 0.62409015234375 0.73890197734375 0.6206365453125 0.7025199203125 0.5906565703125 0.7088194328124999 0.59735489765625 0.74547075625 0.62409015234375 0.73890197734375