0 0.48797990625 0.55753663046875 0.48780944921874997 0.5451972421875 0.48391929140625 0.544630115625 0.4838749765625 0.5579416937499999 0.48797990625 0.55753663046875
0 0.5240840609374999 0.00648362578125 0.52067635546875 0.0065716421875 0.520347328125 0.012853684374999999 0.522259778125 0.01315861171875 0.52357602421875 0.01185181328125 0.5240840609374999 0.00648362578125
0 0.49321098671875 0.90646629296875 0.5002567484375 0.879656490625 0.48564641171874995 0.87849593828125 0.48025898828124997 0.9059382171875001 0.49321098671875 0.90646629296875
0 0.5025035109375 0.87699564453125 0.505378653125 0.8625298015625 0.48735940937500005 0.86085452734375 0.48675375390625 0.8769423203125 0.5025035109375 0.87699564453125
0 0.51972900234375 0.7366837515625 0.51921814609375 0.723961053125 0.49529851015625 0.72275128828125 0.491767325 0.79917157421875 0.51624953828125 0.79864033828125 0.51972900234375 0.7366837515625
0 0.51584262890625 0.70312394375 0.5144141320312501 0.6720171070312501 0.498310825 0.6697138687499999 0.4989181625 0.70302272421875 0.51584262890625 0.70312394375
0 0.50469180390625 0.62869232421875 0.48987417890625 0.6287942640625 0.48910937890625006 0.65687261953125 0.49941435703125 0.65764455 0.50781777734375 0.65434203671875 0.50469180390625 0.62869232421875
0 0.5214541703125 0.6498407187499999 0.5205242734375 0.6316906 0.507118971875 0.6317316015625 0.50783951328125 0.6494028859375 0.5214541703125 0.6498407187499999
0 0.5169552898437499 0.62354747265625 0.516576765625 0.61729836484375 0.5053248835937499 0.61660508671875 0.5082658640625 0.62331045 0.5169552898437499 0.62354747265625
0 0.5092238796874999 0.86092263984375 0.5226329695312499 0.80242847890625 0.49191526406249997 0.800823025 0.48412959921875 0.85966372265625 0.5092238796874999 0.86092263984375
0 0.4896855578125 0.91987172109375 0.49256634296875 0.9079933859375 0.48210317421875004 0.9084128187499999 0.48060889375000004 0.9207713328124999 0.4896855578125 0.91987172109375