0 0.5542431640625 0.498662109375 0.5423034671875 0.49945312499999994 0.541907959375 0.50324951171875 0.55479736328125 0.5026171875000001 0.5542431640625 0.498662109375
0 0.025848389062499998 0.493076171875 0.024531249999999998 0.49186767578125 0.01931396484375 0.49164794921875005 0.01953369140625 0.49494384765625005 0.0256286625 0.49494384765625005 0.025848389062499998 0.493076171875
0 0.89185424765625 0.47589599609375 0.8656201171875001 0.47043212890625 0.8650732421875 0.48464111328125004 0.89185424765625 0.48846679687499994 0.89185424765625 0.47589599609375
0 0.01326538125 0.4896728515625 0.0037109375 0.4899365234375 0.004105225 0.49613037109375 0.01346313515625 0.49560302734375006 0.01326538125 0.4896728515625
0 0.86295532265625 0.46839111328125 0.84883666953125 0.46634033203124997 0.84792602578125 0.48387695312499995 0.863525390625 0.4836474609375 0.86295532265625 0.46839111328125
0 0.788033446875 0.48273681640625005 0.7865527343750001 0.459052734375 0.72643188515625 0.45882568359375 0.71413452109375 0.4599658203125 0.71390747109375 0.48319335937499996 0.788033446875 0.48273681640625005
0 0.6940942382812499 0.46429199218750006 0.66403442421875 0.46725341796875003 0.66244018515625 0.48296630859375 0.69466430625 0.4806884765625 0.6940942382812499 0.46429199218750006
0 0.6507116703125 0.482509765625 0.6471826171874999 0.47453857421874995 0.62247314453125 0.4788671875 0.62315673828125 0.493212890625 0.65037109375 0.492529296875 0.6507116703125 0.482509765625
0 0.6422863765625 0.46156005859375 0.6247509765625 0.46338134765624994 0.62531982421875 0.47636230468749996 0.64239990234375 0.47476806640625 0.6422863765625 0.46156005859375
0 0.61700805625 0.4672509765625 0.61097290078125 0.46793457031249996 0.61074584921875 0.4788671875 0.61712158203125 0.47567871093749997 0.61700805625 0.4672509765625
0 0.84712890625 0.46269775390624995 0.78996826171875 0.45267822265625 0.78962646484375 0.482509765625 0.84690063515625 0.4870654296875 0.84712890625 0.46269775390624995
0 0.90497192421875 0.47863037109375 0.8933581546875 0.47644287109374994 0.89417724609375 0.48655517578124996 0.906201171875 0.48737548828125005 0.90497192421875 0.47863037109375