0 0.9271582031250001 0.4788623046875 0.922572021875 0.47570068359375 0.92209716796875 0.48392333984375 0.9264465328125 0.48518798828125 0.9271582031250001 0.4788623046875
0 0.6172473140625 0.47900390625 0.59333618125 0.48082519531249995 0.593677978125 0.49744873046875 0.6169055171875 0.4985888671875 0.6172473140625 0.47900390625
0 0.8098120117187501 0.4380908203125 0.751177978125 0.43218994140625 0.749801025 0.459736328125 0.8068603515625 0.4605224609375 0.8098120117187501 0.4380908203125
0 0.54803955078125 0.49924072265625 0.54764404296875 0.49634033203124994 0.545338134375 0.49607666015624996 0.5454040531250001 0.5005566406249999 0.54777587890625 0.5006884765625 0.54803955078125 0.49924072265625
0 0.9206738281250001 0.475224609375 0.91142211875 0.47206298828125004 0.91063110390625 0.48107666015625006 0.9198828125 0.48313232421874996 0.9206738281250001 0.475224609375
0 0.8417272953125 0.5119775390625 0.7957080078125001 0.51216796875 0.79532836953125 0.5189990234375 0.8417272953125 0.5184301757812501 0.8417272953125 0.5119775390625
0 0.55985961875 0.48970703125000004 0.5771667484375 0.4872021484375 0.57602783203125 0.47422119140624996 0.5625927734375 0.476953125 0.5615673828125 0.48173583984375 0.559404296875 0.483330078125 0.55985961875 0.48970703125000004
0 0.5851379390625 0.48742919921874994 0.57602783203125 0.4872021484375 0.5768249515625 0.49699462890625 0.58559326171875 0.49813232421875 0.5851379390625 0.48742919921874994
0 0.9629797359375001 0.481953125 0.95554443359375 0.48050537109375 0.955009765625 0.48668212890625 0.9630175781249999 0.48706298828124994 0.9629797359375001 0.481953125
0 0.7028161625 0.47966796875 0.65417358359375 0.48158203125 0.6529443359375 0.49824951171875 0.70445678671875 0.5009838867187499 0.7028161625 0.47966796875
0 0.533873290625 0.49844970703125 0.52273681640625 0.49765869140624996 0.5231982421875 0.5049072265625 0.53420288046875 0.503984375 0.533873290625 0.49844970703125