0 0.718720703125 0.811806640625 0.71875 0.828125 0.75390625 0.83095703125 0.7533203125 0.81328125 0.718720703125 0.811806640625
0 0.6884765625 0.66466796875 0.6875390625 0.6835546875 0.715556640625 0.68875 0.716181640625 0.671904296875 0.6884765625 0.66466796875
0 0.743056640625 0.73283203125 0.7422753906249999 0.7497265625 0.7587890625 0.7533203125 0.75986328125 0.73740234375 0.743056640625 0.73283203125
0 0.6768164062500001 0.759013671875 0.67646484375 0.77900390625 0.71162109375 0.7828125 0.7126953125 0.7638671875 0.6768164062500001 0.759013671875
0 0.719970703125 0.72810546875 0.7201171875 0.7423828125 0.7404296875 0.74833984375 0.74033203125 0.7357421875 0.719970703125 0.72810546875
0 0.687861328125 0.69087890625 0.6869140625 0.709765625 0.7149316406249999 0.7149609375 0.71556640625 0.698115234375 0.687861328125 0.69087890625
0 0.742578125 0.707421875 0.741796875 0.72431640625 0.75751953125 0.7279296875 0.75849609375 0.71123046875 0.742578125 0.707421875
0 0.06060546875 0.7020703125 0.0749609375 0.70076171875 0.0876953125 0.702392578125 0.094873046875 0.711533203125 0.11903320312500001 0.7239355468750001 0.11576171875 0.731767578125 0.214345703125 0.734384765625 0.2159765625 0.6978222656249999 0.116748046875 0.6929296875000001 0.0217578125 0.688681640625 0.021435546875 0.7278515624999999 0.02861328125 0.7278515624999999 0.045263671875 0.70173828125 0.06060546875 0.7020703125
0 0.722333984375 0.7041015625 0.721552734375 0.72099609375 0.737275390625 0.724609375 0.738251953125 0.70791015625 0.722333984375 0.7041015625
0 0.6866015625 0.71779296875 0.685654296875 0.7366796875 0.713671875 0.7418750000000001 0.714306640625 0.7250390624999999 0.6866015625 0.71779296875
0 0.47958984375 0.728876953125 0.47843749999999996 0.760986328125 0.554580078125 0.766083984375 0.555322265625 0.733408203125 0.47958984375 0.728876953125
0 0.7214453125 0.673603515625 0.7206640625 0.6904980468749999 0.750390625 0.7001953125 0.75029296875 0.68408203125 0.7214453125 0.673603515625