0 0.1756053328125 0.68915278515625 0.15885707578125 0.685286490625 0.15173450156249998 0.720023725 0.16994241015625 0.723653375 0.1756053328125 0.68915278515625
0 0.33021600546875 0.693814996875 0.31094823437499997 0.688361671875 0.30225682109375 0.71534382578125 0.31946772578125 0.7199950984375 0.33021600546875 0.693814996875
0 0.25372468984375 0.7325208953125 0.236482421875 0.7277005734374999 0.23081416484375 0.74347704609375 0.2470192171875 0.74835933828125 0.25372468984375 0.7325208953125
0 0.23480362109375 0.65954570703125 0.21433322578124997 0.65441915390625 0.20620857265625 0.6889232468750001 0.22552006953124998 0.69452827890625 0.23480362109375 0.65954570703125
0 0.26134361875 0.7103945390625 0.24667565234375002 0.7071335578125 0.23812674296875 0.726172434375 0.25106527734375 0.7290815976562499 0.26134361875 0.7103945390625
0 0.30339398906250004 0.686937728125 0.28412738984375 0.68147456640625 0.27543597656249996 0.70845671953125 0.29264571015624996 0.7131178296875 0.30339398906250004 0.686937728125
0 0.2798561828125 0.7381052390625 0.2626139140625 0.7332849171875 0.25702048828125 0.7482599265625 0.27403891640625 0.75323036171875 0.2798561828125 0.7381052390625
0 0.33769731171875 0.10605791484375 0.33005301015625 0.10089270624999999 0.31554354140625 0.19957281171875002 0.35286578515625 0.20994443984375 0.3697874015625 0.11115831015625 0.3834481109375 0.029055960156249998 0.35868478359375 0.027179507812499996 0.3693222890625 0.0370482296875 0.36714152890624996 0.052422952343749996 0.36676255859375 0.06719581328125 0.36356176015625 0.07963396640625 0.35332142109375 0.08468198125000001 0.33769731171875 0.10605791484375
0 0.2856912796875 0.7185057375 0.26844901015625 0.71368541484375 0.2628555859375 0.72866042421875 0.27987401328125 0.733630859375 0.2856912796875 0.7185057375
0 0.27592777890625003 0.67924335234375 0.25666118046875 0.67378018984375 0.24796976640625 0.7007623445312501 0.26516947968750004 0.705421121875 0.27592777890625003 0.67924335234375
0 0.2893826046875 0.4680715984375 0.25657245 0.45924511328125 0.2422092625 0.53472751875 0.275649815625 0.54327606953125 0.2893826046875 0.4680715984375
0 0.3170927984375 0.72489159609375 0.299850528125 0.7200712734375 0.28633455859375 0.74770012421875 0.302880578125 0.75144859921875 0.3170927984375 0.72489159609375