0 0.40404414843750003 0.524473709375 0.4006431390625 0.53339529765625 0.41057387656250005 0.5363091492187501 0.41492940234375003 0.5275659921875 0.40404414843750003 0.524473709375
0 0.46321742421875 0.29939476328125003 0.45708462890624996 0.31560335078125 0.467843971875 0.31881623671875003 0.47602279999999997 0.3030415171875 0.46321742421875 0.29939476328125003
0 0.44434039218750004 0.2767418546875 0.42452988515624995 0.32163393828125 0.44678547265625 0.32982703984375 0.46764788984375 0.28439423046875 0.44434039218750004 0.2767418546875
0 0.49505195234375005 0.2619482265625 0.48220544453125 0.27572298906250003 0.4944265703125 0.28071570390625 0.50775600546875 0.26545259374999997 0.49505195234375005 0.2619482265625
0 0.6014788515625 0.18003232109375 0.5961354156249999 0.184028596875 0.60504421171875 0.18775632343749998 0.60896458671875 0.1819143609375 0.6014788515625 0.18003232109375
0 0.41186499765624995 0.48555395078124997 0.40097792109375 0.50741094921875 0.41465752734374994 0.51202736875 0.42580075390624994 0.48860534921875 0.41186499765624995 0.48555395078124997
0 0.57716713125 0.210527953125 0.56092202265625 0.22941025 0.5700659734375 0.23397333437499998 0.586299503125 0.21356663046875002 0.57716713125 0.210527953125
0 0.6014460984375 0.1684905109375 0.5908871140625 0.17558969687499998 0.6006627234375 0.180113825 0.6075476640625 0.170261296875 0.6014460984375 0.1684905109375
0 0.40346147265625004 0.543412671875 0.4016812328125 0.5496837554687499 0.4060798421875 0.551719553125 0.40900112578125 0.5450520359375 0.40346147265625004 0.543412671875
0 0.40773132734375006 0.26025017968749997 0.3956877734375 0.29602146640625 0.42340017734375 0.3116453328125 0.43907953828124996 0.2687160625 0.40773132734375006 0.26025017968749997
0 0.50137403671875 0.37560679140625003 0.49941696249999995 0.37695808359375 0.50497122890625 0.37948846796875 0.51337996015625 0.36666918984375 0.50792249921875 0.36477651796875 0.50137403671875 0.37560679140625003