0 0.37430338515625 0.47397135390624995 0.37432942734374997 0.47811197890625 0.37780598984374997 0.47824218749999997 0.37783203125 0.47391927109375 0.37430338515625 0.47397135390624995
0 0.21912500000000001 0.453625 0.21927213515625002 0.47573697890625005 0.24870312499999997 0.47309895859375006 0.24892317734375 0.453625 0.21912500000000001 0.453625
0 0.30238151015625003 0.46088802109375004 0.30238151015625003 0.46836197890625 0.31665234375 0.46995052109374996 0.31653385390625 0.46224218749999996 0.30238151015625003 0.46088802109375004
0 0.38189453125 0.47569010390625 0.38184244765625 0.47842447890625 0.38472005234375 0.4787109375 0.38464192734374997 0.47579427109375 0.38189453125 0.47569010390625
0 0.31838802109375003 0.46277083359375004 0.31844661484375003 0.467890625 0.33071614609375 0.46883333359375 0.33059765625000004 0.46418489609374997 0.31838802109375003 0.46277083359375004
0 0.2805390625 0.45748697890625 0.28045052109375 0.46431510390625 0.30005729140625 0.46547916640625 0.300234375 0.45918229140625 0.2805390625 0.45748697890625
0 0.34785026015625 0.47329427109375005 0.34919921875000004 0.47407291640624993 0.35038411484375 0.47484635390624996 0.35132421875 0.475703125 0.3549609375 0.47607552109375 0.35475651015625 0.46638802109375 0.34809505234375 0.46520312500000005 0.34249739609374996 0.46434375 0.34247395859375 0.47130208359375 0.34545963515625 0.47153906250000005 0.34764583359375 0.47215364609375 0.34785026015625 0.47329427109375005
0 0.25434375 0.43230729140625 0.25447135390625003 0.44789843749999997 0.2774765625 0.45044010390624994 0.27722265625000003 0.4351015625 0.25434375 0.43230729140625
0 0.34159765625 0.47116927109375 0.34159765625 0.46675781250000004 0.34078125 0.46659114609375 0.34053515624999997 0.46561197890625 0.3400859375 0.465125 0.339453125 0.464265625 0.33902343749999997 0.46434375 0.33836979140625 0.46483333359375 0.3376953125 0.46561197890625 0.33714453125 0.46618750000000003 0.3345078125 0.4658203125 0.33168880234375 0.46524739609375 0.3326484375 0.4658203125 0.33350651015625 0.46843489609375 0.33373177109375 0.47030989609375 0.34159765625 0.47116927109375
0 0.35661458359375 0.46920052109375004 0.35670572890624996 0.47526822890625003 0.362734375 0.4762578125 0.36276041640625 0.47008593750000005 0.35661458359375 0.46920052109375004
0 0.25502213515625 0.450015625 0.25510677109375 0.4621328125 0.27925651015624997 0.46298177109375 0.27921354140625 0.4517109375 0.25502213515625 0.450015625
0 0.3638671875 0.47339322890625 0.36385416640625 0.4773515625 0.36936197890625 0.47776822890625 0.36924479140625 0.47347135390624995 0.3638671875 0.47339322890625