0 0.8046445312499999 0.47684114609375 0.8043971351562501 0.48708072890625004 0.8108580726562501 0.48962239609375 0.81082291640625 0.479171875 0.8046445312499999 0.47684114609375
0 0.8471015625 0.49513802109375 0.8506562499999999 0.49681510390624994 0.85104427109375 0.48937760390624996 0.8472031250000001 0.48819270859374997 0.8471015625 0.49513802109375
0 0.86329557265625 0.49298958359375 0.8631718749999999 0.49887239609374995 0.8659921875000001 0.50039322890625 0.86645833359375 0.4944609375 0.86329557265625 0.49298958359375
0 0.8273815101562499 0.48778645859375 0.82720572890625 0.4958359375 0.8322539062500001 0.49703645859375 0.8330664062500001 0.48976302109375 0.8273815101562499 0.48778645859375
0 0.77705729140625 0.4690625 0.77709635390625 0.47604166640625 0.79577604140625 0.48339322890625 0.7962343749999999 0.47626302109375 0.77705729140625 0.4690625
0 0.72482291640625 0.44525 0.72460286484375 0.45916145859375 0.75322916640625 0.46867708359375 0.75359505234375 0.45505989609375 0.72482291640625 0.44525
0 0.85180078125 0.48672135390625 0.85165755234375 0.49350520859375 0.85635677109375 0.4957109375 0.85652083359375 0.48941927109375005 0.85180078125 0.48672135390625
0 0.83384375 0.48051302109374994 0.83348958359375 0.4883515625 0.84358723984375 0.4923046875 0.84372916640625 0.48552604140625 0.83384375 0.48051302109374994
0 0.7573645835937499 0.45762760390625 0.75722395859375 0.47069010390625 0.7745598960937501 0.47648177109375 0.77508984375 0.46384114609375005 0.7573645835937499 0.45762760390625
0 0.59878125 0.45170572890624994 0.59883203125 0.46228125000000003 0.61337239609375 0.46360156249999995 0.61357682265625 0.45251822890625004 0.59878125 0.45170572890624994
0 0.86768359375 0.49519531250000004 0.86770833359375 0.50098177109375 0.871484375 0.50274739609375 0.87133723984375 0.49754947890625 0.86768359375 0.49519531250000004
0 0.69678255234375 0.43690364609375 0.69590364609375 0.44891145859375003 0.71757421875 0.45345052109374995 0.71808723984375 0.44276041640625 0.69678255234375 0.43690364609375
0 0.8580234375 0.490046875 0.85780338515625 0.49607812500000004 0.8624609375000001 0.49823697890625 0.86275520859375 0.49240104140624996 0.8580234375 0.490046875
0 0.23890364609375 0.46187500000000004 0.23946354140624998 0.46909375000000003 0.25135416640625 0.46635416640624994 0.25084635390625 0.46044270859375 0.23890364609375 0.46187500000000004
0 0.8161901039062499 0.48319531250000003 0.8161901039062499 0.49209375 0.82597005234375 0.49541145859375 0.82572265625 0.48750260390625 0.8161901039062499 0.48319531250000003
0 0.63918489609375 0.44548177109375003 0.63837239609375 0.45524479140625 0.667859375 0.45941406249999994 0.66770703125 0.44904166640625 0.63918489609375 0.44548177109375003