0 0.12045833359375 0.48363281249999995 0.104296875 0.48466145859375 0.10438802109375 0.48953125000000003 0.10440104140624999 0.49521354140625 0.12083203125 0.494359375 0.12045833359375 0.48363281249999995
0 0.0046640625 0.45581250000000006 0.00488932265625 0.4646796875 0.01718880234375 0.46500520859375005 0.01669921875 0.45650520859375004 0.0046640625 0.45581250000000006
0 0.0820859375 0.48548177109374996 0.08198697890625 0.49283593750000004 0.10040104140624999 0.49141406249999997 0.10013151015624999 0.48435416640625 0.0820859375 0.48548177109374996
0 0.08161458359375 0.44988020859375 0.08176171875 0.45733333359375 0.1 0.45611979140625003 0.09985677109374999 0.44860677109375 0.08161458359375 0.44988020859375
0 0.07835416640625001 0.44997916640625 0.0740390625 0.45091145859375 0.07188020859375 0.45351041640625 0.07300911484375 0.45870833359374996 0.07872135390625 0.45782552109374997 0.07835416640625001 0.44997916640625
0 0.13462890624999999 0.48227604140624997 0.13461067734375 0.48934895859375 0.14319010390625 0.48901822890625 0.14261979140625 0.48211197890625 0.13462890624999999 0.48227604140624997
0 0.15038281250000002 0.48174479140625 0.15075 0.48873177109375004 0.16096614609374998 0.48828645859375 0.16074088515625 0.48158072890625 0.15038281250000002 0.48174479140625
0 0.12036458359374999 0.44838541640624996 0.10977343749999999 0.44811458359375 0.10265625 0.44821614609375005 0.10286067734375 0.4557421875 0.11515364609375 0.45594531250000003 0.12053385390625 0.45543489609375004 0.12036458359374999 0.44838541640624996
0 0.12445442734375001 0.48407291640625 0.12441536484375 0.49044791640624996 0.12942057265625 0.48987499999999995 0.12931640625000002 0.48268489609375004 0.12445442734375001 0.48407291640625
0 0.16106770859375 0.48235677109374997 0.16129557265625 0.48799739609375 0.1694453125 0.48766927109375 0.16932291640625 0.48203125 0.16106770859375 0.48235677109374997
0 0.009986978906250001 0.49305989609375 0.01004817734375 0.49808593749999996 0.01803776015625 0.49763541640625003 0.01783333359375 0.49228385390625 0.009986978906250001 0.49305989609375
0 0.00026171875 0.49207812500000003 0.00046614609374999997 0.49730989609375 0.00955859375 0.49702343750000005 0.00935416640625 0.49191406249999997 0.00026171875 0.49207812500000003