0 0.42566768671875 0.55690331640625 0.4256437828125 0.55990675234375 0.44247386171875 0.5605276921875 0.44285390390624996 0.5521670515625 0.4192118546875 0.55187298671875 0.42026390234375005 0.5540732351562501 0.42566768671875 0.55690331640625
0 0.43267911249999996 0.5270633124999999 0.43329541093749996 0.51663610703125 0.38522739921875 0.50988045234375 0.38479051328125 0.52073749609375 0.43267911249999996 0.5270633124999999
0 0.7382063015625 0.6090207960937499 0.73868004453125 0.6053866828125 0.7332896718749999 0.60289900625 0.73279996015625 0.6064815171875 0.7382063015625 0.6090207960937499
0 0.955626940625 0.66562521171875 0.95645732578125 0.65501643046875 0.939098784375 0.65276732265625 0.9383995765625001 0.6632358828125 0.955626940625 0.66562521171875
0 0.8344677125000001 0.63526211015625 0.835441475 0.6245295015625 0.82072876796875 0.619940915625 0.8196098703124999 0.63085185234375 0.8344677125000001 0.63526211015625
0 1 0.64869464921875 0.97668993671875 0.64611409921875 0.9771041031250001 0.65564136640625 1 0.65887366328125 1 0.64869464921875
0 0.9247688500000001 0.65853420078125 0.92566964140625 0.6452985796874999 0.90572236328125 0.64142785859375 0.9048246875 0.65386818671875 0.9247688500000001 0.65853420078125
0 0.7610960734375001 0.62422091328125 0.7617393406249999 0.61662950078125 0.7497269671875 0.61093279375 0.74906819140625 0.6179450296875 0.7610960734375001 0.62422091328125
0 0.800962065625 0.63150504609375 0.8015334265625 0.6241153546875 0.7853988046875 0.6182873140625 0.7846827671875001 0.625327759375 0.800962065625 0.63150504609375
0 0.89417795078125 0.655214603125 0.89529873203125 0.6378856890625 0.87347006015625 0.63309899765625 0.8718638249999999 0.65034928671875 0.89417795078125 0.655214603125
0 0.747680634375 0.6168668390625001 0.7479542757812501 0.6088955140625 0.7421867875 0.60707047578125 0.74167285078125 0.61383513671875 0.747680634375 0.6168668390625001
0 0.77297031484375 0.6314378265625 0.773562940625 0.6247032109374999 0.7641759359375 0.62000836875 0.763696 0.6264700203125 0.77297031484375 0.6314378265625
0 0.8688809281250001 0.64544604609375 0.8700624453125 0.62966378125 0.8554894382812501 0.6259541695312499 0.854517928125 0.6415743796875 0.8688809281250001 0.64544604609375