0 0.83238541640625 0.4981328125 0.8241484375000001 0.49747395859375 0.8242148437499999 0.50445833359375 0.83238541640625 0.504328125 0.83238541640625 0.4981328125
0 0.81648697890625 0.48016145859375003 0.79298567734375 0.47551822890624995 0.78724609375 0.48535416640625 0.81662369765625 0.4897265625 0.81648697890625 0.48016145859375003
0 0.77633723984375 0.3616328125 0.7468242187499999 0.34753124999999996 0.74616796875 0.37114322890625 0.77666536484375 0.38261979140625 0.77633723984375 0.3616328125
0 0.8323203124999999 0.49128125 0.8240833335937501 0.491015625 0.8249401039062499 0.49655208359375 0.83205598984375 0.49668489609375 0.8323203124999999 0.49128125
0 0.70645572890625 0.45184635390625 0.63496614609375 0.44922135390625 0.6331627601562501 0.46889843750000004 0.70776692734375 0.46889843750000004 0.70645572890625 0.45184635390625
0 0.847640625 0.45228906249999995 0.84108203125 0.4528359375 0.8398515625 0.46048697890624996 0.84832291640625 0.46048697890624996 0.847640625 0.45228906249999995
0 0.8207226562500001 0.43261197890625 0.79011588515625 0.41894791640625 0.7887500000000001 0.42988020859375 0.82017578125 0.44518229140625004 0.8207226562500001 0.43261197890625
0 0.73691145859375 0.31890885390625 0.70092838515625 0.3047421875 0.6864791664062501 0.32684114609375003 0.738328125 0.34157552109375 0.73691145859375 0.31890885390625
0 0.77112369765625 0.45611458359375 0.74816796875 0.4501015625 0.74803125 0.46076041640625 0.7708502601562499 0.46567968750000005 0.77112369765625 0.45611458359375
0 0.7835572914062501 0.42277604140624997 0.74352213515625 0.40911197890624995 0.74174609375 0.43233854140625 0.78396744765625 0.44409114609375006 0.7835572914062501 0.42277604140624997
0 0.50863802109375 0.48008854140625 0.5088346351562499 0.47103645859375 0.49152083359375 0.47418489609375003 0.48915885390625 0.48480989609374997 0.50017708359375 0.48363020859374994 0.50863802109375 0.48008854140625
0 0.63955729140625 0.38363541640625 0.70727473984375 0.3888828125 0.70645572890625 0.36986458359375 0.64873958359375 0.3652734375 0.6377539062500001 0.36855208359375 0.63562239609375 0.37117447890625 0.63955729140625 0.38363541640625
0 0.81717057265625 0.42113541640624996 0.79653776015625 0.40501302109375 0.79640104140625 0.41676302109375 0.81730729140625 0.42851302109375 0.81717057265625 0.42113541640624996