0 0.76567221484375 0.52747383359375 0.76449740390625 0.51571200859375 0.746599834375 0.51541108125 0.74745555 0.52569151875 0.76567221484375 0.52747383359375
0 0.9648036875000001 0.51676591484375 0.9632380312500001 0.4996292140625 0.9510046578125 0.50171442578125 0.952408446875 0.51966159921875 0.9648036875000001 0.51676591484375
0 0.90632986875 0.51911120390625 0.90483313359375 0.5022151859374999 0.8628845999999999 0.50701623203125 0.8649378078125001 0.52512772578125 0.90632986875 0.51911120390625
0 0.76654010546875 0.54028308125 0.765437803125 0.52846581015625 0.74796387578125 0.5269585640625001 0.74864077578125 0.53724733125 0.76654010546875 0.54028308125
0 0.91920869296875 0.5226877109375 0.91750004609375 0.5077856023437499 0.9141715757812501 0.50856543671875 0.9152547117187501 0.52108787890625 0.9134607000000001 0.5215276875 0.91137332265625 0.50869576796875 0.9092862359374999 0.508792975 0.9106621882812499 0.52460120390625 0.91920869296875 0.5226877109375
0 0.81223666796875 0.524132175 0.8106705312500001 0.52463261875 0.80755113125 0.5237064164062499 0.8063027093749999 0.52205456171875 0.80591303203125 0.5147969867187501 0.8011890476562501 0.5159788859375001 0.7922265687500001 0.51628944453125 0.79295268828125 0.5308070734375 0.8191305640625 0.5296946945312501 0.8178672796875001 0.515843334375 0.8137223703125 0.51550201171875 0.8136020046875 0.52096372578125 0.81223666796875 0.524132175
0 0.9796075085937501 0.50123996640625 0.979465790625 0.4957000265625 0.96486385390625 0.49693368125 0.9668261062499999 0.521618115625 0.9804815351562499 0.51765527578125 0.9924719937500001 0.5148770984375 0.99079883984375 0.50866858125 0.9796075085937501 0.50123996640625
0 1 0.5458853734375 0.9809756820312501 0.5525036703125 0.98146700859375 0.5623680984375 1 0.5547889296874999 1 0.5458853734375
0 0.9478630640624999 0.5185003703125 0.94639505703125 0.5032308039062501 0.9197201726562501 0.5059009484375 0.920589478125 0.5232482078125 0.9478630640624999 0.5185003703125
0 0.7470134390625 0.52529831171875 0.745938846875 0.5155460015625 0.729237509375 0.5150331578125 0.72983248359375 0.5235718921875 0.7470134390625 0.52529831171875
0 0.7913058234375 0.5445774859375 0.78866266328125 0.5161676953125001 0.76618578203125 0.516589765625 0.768750634375 0.5416160859375 0.7913058234375 0.5445774859375
0 0.8640332890625 0.5279239421875 0.86266395859375 0.5122030976562499 0.8225933507812501 0.51514090625 0.8239334414062499 0.5298793148437501 0.8640332890625 0.5279239421875