0 0.706725625 0.50926004375 0.7066821304687501 0.520911840625 0.73141048671875 0.52200573828125 0.731230190625 0.51018022890625 0.706725625 0.50926004375
0 0.79172875 0.53980537578125 0.8007026070312501 0.53955803125 0.80042536796875 0.52846932734375 0.79124611796875 0.5267182046875 0.78764551015625 0.5268961203125 0.786740440625 0.5272913515625001 0.7867839140624999 0.539978096875 0.79172875 0.53980537578125
0 0.59854477421875 0.5209411171875 0.5954225140625 0.5216708742187499 0.59449305703125 0.521628315625 0.5948531890625001 0.5296168328124999 0.607868771875 0.52840372890625 0.60754964140625 0.5195375023437501 0.59854477421875 0.5209411171875
0 0.59252259296875 0.48004289140624995 0.59302097265625 0.48863696562500003 0.60511956953125 0.4826123375 0.6047437101562501 0.47277234375 0.59252259296875 0.48004289140624995
0 0.7907469421875 0.49529480625 0.79478681953125 0.49916438515625006 0.79499969765625 0.49217121484375 0.7908743828125 0.48740196874999997 0.78335017890625 0.48351470546875 0.7784592445312499 0.481337703125 0.77851631015625 0.48947829218749994 0.7907469421875 0.49529480625
0 0.6708984570312501 0.510530975 0.6715668273437501 0.5300460265625 0.70167338515625 0.53034641484375 0.7004117375 0.50995525703125 0.6708984570312501 0.510530975
0 0.7857396414062501 0.43431843203125 0.7805121828125 0.428248375 0.77702293125 0.4252785265625 0.7771002546875 0.43160763593749996 0.791989865625 0.44881321640625 0.7915739351562501 0.44283490312499996 0.7857396414062501 0.43431843203125
0 0.63825803359375 0.511390815625 0.63859451328125 0.5248166421875 0.66685135390625 0.5241195359375 0.666378315625 0.5098043546875 0.63825803359375 0.511390815625
0 0.6208879296875 0.5255541078125 0.63813439765625 0.52432326015625 0.63772616875 0.5116688671875 0.62803128828125 0.5130684546875 0.620567128125 0.513913446875 0.6208879296875 0.5255541078125
0 0.73690805703125 0.52174340859375 0.7408045203125 0.53909967109375 0.7666751421875 0.5390331734375 0.7660697671875 0.5250063328125 0.73690805703125 0.52174340859375
0 0.5828299046875001 0.494219165625 0.5909945375000001 0.48937311875 0.59038203125 0.48102770390625 0.58397471015625 0.48563733437499995 0.58204399140625 0.48772147109375 0.5828299046875001 0.494219165625
0 0.76748880234375 0.52499870078125 0.76769682421875 0.5336998304687499 0.78643126171875 0.53370308203125 0.7863073828125 0.52635782734375 0.76748880234375 0.52499870078125
0 0.562649790625 0.49724448828125 0.5628894210937501 0.5019406578125001 0.57497366328125 0.5010616265625 0.5745651296875 0.49591621406249997 0.562649790625 0.49724448828125