0 0.30731770859375 0.46016927109375 0.30758723984374997 0.4713984375 0.324578125 0.4724765625 0.32450520859375 0.46266927109375 0.30731770859375 0.46016927109375
0 0.11726171875 0.46153125 0.11751562499999998 0.47788541640625004 0.12929427109375 0.4764453125 0.12925260390624999 0.45932812500000003 0.11726171875 0.46153125
0 0.17301302109375 0.461890625 0.17321875 0.47801302109375 0.21343880234374998 0.47530729140625 0.21279166640625 0.45800520859375 0.17301302109375 0.461890625
0 0.30741536484375 0.44795833359375 0.30761197890625 0.45923697890625004 0.32411328125 0.46144270859375 0.3242109375 0.45163541640625005 0.30741536484375 0.44795833359375
0 0.16640885390625 0.45927864609375 0.16746875 0.47156510390625 0.16945963515625 0.47156510390625 0.16929036484374999 0.45648177109375 0.16102864609375 0.457921875 0.16157942734375 0.47215885390625 0.16479947890625 0.47156510390625 0.164671875 0.45961718749999997 0.16640885390625 0.45927864609375
0 0.26281510390624996 0.46128385390625004 0.26433984375 0.46087760390625 0.26723828125 0.46189583359375 0.26830598984375 0.46352083359374996 0.26815364609375003 0.47043489609375 0.27272916640625 0.46952083359375 0.28127083359375 0.46962239609375 0.28162630234375 0.45579427109375 0.25666276015625 0.45569270859375 0.25686588515625003 0.46891145859375005 0.26078125 0.46941927109375003 0.2612890625 0.46423437500000003 0.26281510390624996 0.46128385390625004
0 0.11577604140625 0.480375 0.11568880234375001 0.45683072890625 0.10242317734374999 0.4599921875 0.09082552109375 0.4621015625 0.09196875 0.46807552109375 0.10207161484375 0.47563020859374994 0.10180729140625 0.48090104140624995 0.11577604140625 0.480375
0 0.07761979140625 0.4269765625 0.07743619765625001 0.43478645859375 0.10446354140625 0.42685416640625 0.10470703125 0.41745833359375 0.07761979140625 0.4269765625
0 0.13348958359375002 0.4606328125 0.13378515625 0.47520833359375 0.15933333359375 0.4738515625 0.15975651015625 0.457328125 0.13348958359375002 0.4606328125
0 0.32489713515625 0.46306250000000004 0.32521614609375 0.47237760390625 0.3410546875 0.47360416640625 0.34110416640625 0.46546354140624996 0.32489713515625 0.46306250000000004
0 0.28418359375 0.44278125 0.28464973984375 0.46989583359375003 0.30604557265625 0.47048958359375004 0.30541015625 0.44659375 0.28418359375 0.44278125
0 0.21385286484375002 0.45538802109375 0.21402213515625 0.47038802109375 0.25232291640625004 0.46936979140624996 0.25211067734375 0.45530468749999997 0.21385286484375002 0.45538802109375