0 0.53054915546875 0.44398396484375 0.5152168390625 0.44204582578125 0.5196030625 0.45377445703125 0.5319852968750001 0.452351 0.53054915546875 0.44398396484375
0 0.516420325 0.44794470000000003 0.5072682976562499 0.44727323593749996 0.5074779171875 0.45370098125 0.517116796875 0.45584066953124996 0.516420325 0.44794470000000003
0 0.792532290625 0.44448927578125 0.7670042703125 0.43713008984375 0.77038475390625 0.45846590078125005 0.7924194453125 0.46388578046875006 0.792532290625 0.44448927578125
0 0.5062686640625 0.44879336875 0.5020617296875 0.448940278125 0.50325520859375 0.4563247265625 0.50721931796875 0.4556921328125 0.5062686640625 0.44879336875
0 0.5478866359375 0.44139913671875003 0.5325428007812499 0.44144078984375 0.53446868671875 0.45077905312500005 0.5480876125 0.44931240937499994 0.5478866359375 0.44139913671875003
0 0.8685977734374999 0.45858820859374994 0.8620172523437499 0.457384653125 0.8633957898437499 0.466504503125 0.8682777765624999 0.46433005859375004 0.8685977734374999 0.45858820859374994
0 0.7651742734375 0.43265641328125 0.732614703125 0.42843131796874995 0.729421825 0.44545636406250005 0.76218749453125 0.4496769921875 0.7651742734375 0.43265641328125
0 0.6663477828125 0.412013553125 0.6215643578125001 0.41060697421875 0.6239238765625 0.43032667109375 0.66551302890625 0.42788601640625 0.6663477828125 0.412013553125
0 0.72389809375 0.4307970046875 0.684825375 0.42622055390625 0.68862967890625 0.45282175859375 0.72353580078125 0.45061175000000003 0.72389809375 0.4307970046875
0 0.5885207484375 0.43304820078125 0.5615285976562501 0.43597290781250003 0.5661459671875 0.45066391796875005 0.589662371875 0.44934581171875 0.5885207484375 0.43304820078125
0 0.8398421796875001 0.45357502890625 0.8291182554687501 0.450512203125 0.8261661195312501 0.46580062968749997 0.8401837914062501 0.46874843593750004 0.8398421796875001 0.45357502890625