0 0.67129296875 0.4792734375 0.67109895859375 0.45566927109375 0.6666497398437501 0.45411979140625 0.64120442734375 0.4494765625 0.6237903648437501 0.4519921875 0.6133828125 0.455796875 0.6128828125 0.4772578125 0.62214583359375 0.4777265625 0.64275260390625 0.47714583359375 0.67129296875 0.4792734375
0 0.60312630234375 0.47690625000000003 0.60305598984375 0.45608072890624995 0.60091015625 0.45540885390624997 0.59042708359375 0.45245052109375 0.5780807289062501 0.45194531250000003 0.561984375 0.4554921875 0.5521874999999999 0.46006510390625 0.5513945312499999 0.477140625 0.56173828125 0.47717708359375 0.58068489609375 0.47730729140625006 0.60312630234375 0.47690625000000003
0 0.8194947914062499 0.4935625 0.8266718750000001 0.49450260390625 0.83048567734375 0.49486718749999997 0.8325312500000001 0.49460416640625005 0.83290885390625 0.48567447890625 0.83195572890625 0.48312239609374996 0.8308619789062501 0.48208072890625 0.8253932289062501 0.47965625 0.8244179687500001 0.47879166640625004 0.8194440101562501 0.48004687500000004 0.817359375 0.48142708359375 0.8174908851562501 0.491875 0.8178684898437499 0.49270572890625 0.81906770859375 0.4923671875 0.8194947914062499 0.4935625
0 0.78558333359375 0.47426562499999997 0.78269140625 0.47361458359375 0.77629947890625 0.47053385390624997 0.77242708359375 0.46829427109375 0.76449479140625 0.46680208359375 0.7558177085937501 0.46670833359374997 0.74895833359375 0.46745572890625003 0.74914583359375 0.48546354140625 0.78712369765625 0.49013020859375 0.7868906250000001 0.47659895859374996 0.78558333359375 0.47426562499999997
0 0.49443880234375 0.47418229140625 0.4918984375 0.47433854140625 0.49198958359375 0.469375 0.49138281250000004 0.46860937500000005 0.48733203124999996 0.46708072890625 0.48450520859374996 0.46761458359374997 0.48124218750000003 0.46934114609375 0.4789921875 0.47173958359375 0.47872916640624996 0.48100260390624994 0.48395312500000004 0.4809765625 0.49432552109375 0.48012239609374996 0.49443880234375 0.47418229140625
0 0.8591054687499999 0.49743229140625 0.86136067734375 0.49448958359375006 0.86251302109375 0.49414583359375 0.8626106773437501 0.49223437499999995 0.8588841148437499 0.49135156249999995 0.85376041640625 0.49056770859375 0.8535390625 0.49056770859375 0.8516263023437499 0.487625 0.84973828125 0.4863984375 0.84870963515625 0.48791927109375 0.8472382812499999 0.48845833359375 0.84738541640625 0.49708854140625 0.85084244765625 0.49748177109374997 0.8586145835937501 0.49875520859375 0.8591054687499999 0.49743229140625
0 0.84581640625 0.497171875 0.8455950523437499 0.48971875000000004 0.845375 0.4878046875 0.84458984375 0.48677604140625 0.8431679687500001 0.48554947890625 0.8420156249999999 0.484765625 0.84047135390625 0.48402864609374996 0.8391718750000001 0.4836875 0.83644921875 0.4845703125 0.83502734375 0.48569791640625004 0.8351744789062501 0.4952109375 0.83625390625 0.49604427109375004 0.8400052085937499 0.49677864609375 0.84581640625 0.497171875
0 0.51269661484375 0.46604427109374996 0.51210286484375 0.46491145859375005 0.50489322890625 0.46447916640625 0.50041145859375 0.46674739609375004 0.49695572890625 0.4696640625 0.496578125 0.478734375 0.50249088515625 0.47835677109374997 0.51288541640625 0.47770833359375003 0.51269661484375 0.46604427109374996
0 0.74051822890625 0.48448697890625 0.74047786484375 0.465515625 0.73884635390625 0.463109375 0.72687369765625 0.45744010390625 0.71377864609375 0.45445572890625 0.70295572890625 0.453125 0.68884635390625 0.45742447890625 0.68864583359375 0.47919270859375 0.6926158851562499 0.47826562499999997 0.71590885390625 0.48099479140624996 0.74051822890625 0.48448697890625
0 0.54458072890625 0.47826302109374996 0.54500651015625 0.46255468750000006 0.5219010414062499 0.465375 0.51896223984375 0.46596875000000004 0.513234375 0.46423437500000003 0.5130494789062501 0.47552083359374997 0.51336848984375 0.47584635390625 0.5185026039062499 0.47692708359375 0.51837369765625 0.47895833359375006 0.5269283851562501 0.4788125 0.54458072890625 0.47826302109374996
0 0.47451432265625 0.48237239609375004 0.47342057265625004 0.4803671875 0.47309505234375004 0.47844010390624997 0.47353776015625 0.47705989609375 0.47430598984375 0.47541927109375 0.47507421875 0.47469010390625 0.47590755234375 0.47469010390625 0.47674088515625 0.47601822890624995 0.47677994765625 0.4732578125 0.47507421875 0.47354427109374997 0.46638932265625 0.47549739609374997 0.461125 0.47648697890624997 0.46134635390625 0.48315364609375006 0.46760026015625 0.48307552109375 0.47584244765625006 0.48284114609374995 0.47451432265625 0.48237239609375004