0 0.520640625 0.45808854140625 0.50600130234375 0.45572916640625005 0.51025130234375 0.46706250000000005 0.52205729140625 0.4661171875 0.520640625 0.45808854140625
0 0.50718229140625 0.46139583359375 0.49844661484374997 0.46045052109375 0.49868229140625 0.46658854140625 0.507890625 0.46895052109375 0.50718229140625 0.46139583359375
0 0.7706015625 0.467296875 0.74620442734375 0.45942708359375006 0.74954817734375 0.479890625 0.7706015625 0.48579427109375006 0.7706015625 0.467296875
0 0.49750130234374995 0.46186718750000005 0.49348828125 0.46186718750000005 0.49466796874999996 0.46895052109375 0.49844661484374997 0.46847916640625 0.49750130234374995 0.46186718750000005
0 0.5371679687500001 0.45620052109375003 0.52252864609375 0.45572916640625005 0.52441796875 0.46470052109375004 0.53740364609375 0.46375520859375 0.5371679687500001 0.45620052109375003
0 0.84325390625 0.48327864609375004 0.8369687499999999 0.48191145859375 0.83833463515625 0.49065624999999996 0.8429804687500001 0.48874479140625005 0.84325390625 0.48327864609375004
0 0.74443359375 0.45509895859375 0.71334505234375 0.449984375 0.71039322890625 0.4661171875 0.7416783851562501 0.471234375 0.74443359375 0.45509895859375
0 0.65002864609375 0.4321171875 0.60729296875 0.42928385390625 0.6096536460937501 0.448171875 0.6493203125 0.44722916640625004 0.65002864609375 0.4321171875
0 0.70504166640625 0.45195052109375 0.6677369789062501 0.44628385390625 0.67151432265625 0.47178385390625 0.70480598984375 0.47083854140625 0.70504166640625 0.45195052109375
0 0.575890625 0.44958854140625004 0.5501536460937501 0.45147916640624997 0.554640625 0.46564583359375 0.5770703125 0.46517187499999996 0.575890625 0.44958854140625004
0 0.81579036484375 0.4775390625 0.80554166640625 0.47426041640624994 0.80280989609375 0.48874479140625005 0.81620052109375 0.4920234375 0.81579036484375 0.4775390625