0 0.19929166640625 0.4039453125 0.19998697890625 0.41263281249999995 0.22522786484375001 0.40959375 0.22448958359375001 0.40116406250000003 0.19929166640625 0.4039453125
0 0.17885677109375 0.349390625 0.17912760390625 0.35584895859375 0.19004947890624999 0.35331250000000003 0.18965625 0.34685677109375 0.17885677109375 0.349390625
0 0.11548697890625 0.46966927109374995 0.11584895859375 0.47821354140625 0.13235807265625 0.47119010390625 0.13148828125 0.46315364609375004 0.11548697890625 0.46966927109374995
0 0.19529036484375 0.34683333359375 0.19637630234375 0.35334895859375004 0.22106119765624999 0.35301041640625 0.220609375 0.34619010390625 0.19529036484375 0.34683333359375
0 0.15204166640625 0.37708854140625003 0.152875 0.39064322890625 0.17675260390625 0.38157291640625 0.17539713515625 0.3669765625 0.15204166640625 0.37708854140625003
0 0.14053385390625 0.46868229140624995 0.14109635390625 0.4809453125 0.16223958359375 0.47455729140624997 0.16167838515625 0.46217708359375004 0.14053385390625 0.46868229140624995
0 0.20361848984375 0.44896354140624994 0.20493229140625 0.46360416640624996 0.22801692734375 0.45897395859375 0.226703125 0.4444609375 0.20361848984375 0.44896354140624994
0 0.16569140625 0.4603515625 0.16651171874999998 0.46854947890625 0.18958203125 0.46177343750000005 0.18897916640625 0.45337760390625004 0.16569140625 0.4603515625
0 0.15548177109375 0.398671875 0.15584765625000002 0.40784895859375 0.17732552109375 0.3998203125 0.1764921875 0.3908515625 0.15548177109375 0.398671875
0 0.08739322890625 0.4828046875 0.0879140625 0.48966927109374997 0.09812369765625 0.48532552109375005 0.09755859375 0.47715625 0.08739322890625 0.4828046875
0 0.15623958359375 0.41782291640624997 0.15656640625 0.42063802109375 0.17824869765625 0.41325520859375003 0.17809765625 0.4101796875 0.15623958359375 0.41782291640624997