0 0.9757122398437501 0.50234114609375 0.9753463539062499 0.51346875 0.9928437499999999 0.5071718749999999 0.99277083359375 0.49428645859375003 0.9757122398437501 0.50234114609375
0 0.8407682289062499 0.5033359374999999 0.84025520859375 0.51065885390625 0.84816276015625 0.514171875 0.8483828125 0.50831510390625 0.8407682289062499 0.5033359374999999
0 0.00208854140625 0.49311197890624997 0.0023932289062500002 0.50445833359375 0.026005208593750002 0.50043229140625 0.0258828125 0.48871875 0.00208854140625 0.49311197890624997
0 0.00027604140625 0.53603645859375 0.00070442734375 0.5450677085937501 0.00826953125 0.54445833359375 0.00796354140625 0.53335416640625 0.00027604140625 0.53603645859375
0 0.28956380234375 0.41177343750000006 0.29015755234374996 0.41965624999999995 0.30134244765624996 0.41304687500000004 0.30083463515625 0.40482552109375 0.28956380234375 0.41177343750000006
0 0.16875130234375 0.50214583359375 0.16964192734375 0.5135859375 0.1903125 0.50697916640625 0.18968229140624998 0.498078125 0.16875130234375 0.50214583359375
0 0.705859375 0.42655468750000003 0.70559505234375 0.43832812499999996 0.72509895859375 0.43744791640624997 0.72650520859375 0.41900000000000004 0.705859375 0.42655468750000003
0 0.94524609375 0.5393203125 0.945140625 0.54362760390625 0.9498359375 0.54412239609375 0.94997786484375 0.53840104140625 0.94524609375 0.5393203125
0 0.57245572890625 0.42182031249999996 0.57255729140625 0.43005729140625004 0.58328515625 0.43270052109375 0.58404817734375 0.42436197890624994 0.57245572890625 0.42182031249999996
0 0.81477864609375 0.48195833359374995 0.81411979140625 0.49294010390625004 0.8318359375 0.50406770859375 0.83278776015625 0.49630729140624996 0.81477864609375 0.48195833359374995
0 0.50682942734375 0.41390104140624995 0.50703255234375 0.42284895859375 0.522234375 0.42223697890625 0.52238671875 0.4130859375 0.50682942734375 0.41390104140624995
0 0.99039453125 0.53636979140625 0.99077604140625 0.544421875 0.99925 0.544421875 0.9987421875000001 0.5356927085937501 0.99039453125 0.53636979140625
0 0.66589453125 0.44299999999999995 0.66580989609375 0.44901562500000003 0.66809765625 0.44808333359374997 0.66830859375 0.44122135390625 0.66589453125 0.44299999999999995
0 0.30147005234375 0.40431770859375 0.30201822890624996 0.413203125 0.31613281249999997 0.40744791640625 0.31545052109375 0.39847135390625 0.30147005234375 0.40431770859375
0 0.13566276015625 0.50722916640625 0.13633984375 0.5218046875 0.16833333359375 0.5132552085937501 0.16769270859375002 0.50155208359375 0.13566276015625 0.50722916640625
0 0.96934244765625 0.5358723960937499 0.9694895835937499 0.54509635390625 0.98698697890625 0.5452421875 0.98713411484375 0.5327968750000001 0.96934244765625 0.5358723960937499
0 0.27868489609374997 0.42345833359374996 0.2792734375 0.42919791640625 0.28976692734375 0.41860416640625 0.28925260390625 0.41281770859375 0.27868489609374997 0.42345833359374996
0 0.43646484374999994 0.42945833359375 0.43687109375000005 0.43596614609374995 0.45136067734375 0.43383072890624996 0.45090364609375 0.4256953125 0.43646484374999994 0.42945833359375
0 0.13638932265624998 0.46526562499999996 0.13712239609375002 0.47722395859375 0.15658463515625 0.4764921875 0.15573046875000002 0.4656328125 0.13638932265624998 0.46526562499999996
0 0.34784635390625 0.41911458359375003 0.34811588515624997 0.42357812499999997 0.35939453125 0.42436197890624994 0.35910026015624996 0.41960416640625003 0.34784635390625 0.41911458359375003
0 0.166171875 0.469234375 0.16706119765625 0.47584375 0.17417968749999999 0.4763515625 0.17354427109374998 0.469234375 0.166171875 0.469234375
0 0.03169661484375 0.48661979140625 0.03181901015625 0.50138541640625 0.05793098984375 0.49540625 0.05786979140625 0.48027604140625 0.03169661484375 0.48661979140625
0 0.06821875 0.52072916640625 0.068421875 0.5357786460937499 0.11092578125000001 0.5261171874999999 0.11056901015625001 0.51137239609375 0.06821875 0.52072916640625
0 0.66991927109375 0.44122135390625 0.66923697890625 0.44833854140625 0.67470182265625 0.44681249999999995 0.67504166640625 0.43944010390625 0.66991927109375 0.44122135390625
0 0.6842473960937501 0.43534114609375 0.68336848984375 0.44869531250000005 0.7037513023437499 0.44395052109375 0.70506901015625 0.42620312499999996 0.6842473960937501 0.43534114609375
0 0.08428776015625 0.47563802109375003 0.0855078125 0.48784114609375007 0.12357812500000001 0.4790546875 0.12278515625 0.46551041640625 0.08428776015625 0.47563802109375003
0 0.67605859375 0.43867968749999997 0.67563932265625 0.44732291640625005 0.68288411484375 0.44562760390625 0.68339192734375 0.43537499999999996 0.67605859375 0.43867968749999997
0 0.32227213515625 0.42389322890625003 0.32303515625 0.43041666640625 0.3373984375 0.42609635390625 0.33693229140625 0.42084114609374995 0.32227213515625 0.42389322890625003
0 0.340515625 0.42029166640625004 0.34071223984375 0.4273515625 0.34637630234375 0.42617708359375 0.34586067734375 0.419015625 0.340515625 0.42029166640625004
0 0.75774609375 0.43788541640625 0.7567213539062501 0.4551640625 0.78908072890625 0.4766875 0.79061848984375 0.462484375 0.75774609375 0.43788541640625
0 0.26862239609375 0.45578385390625 0.26898046875000003 0.46007291640625 0.2736796875 0.45499999999999996 0.27335677109375 0.4490390625 0.26862239609375 0.45578385390625