0 0.5726054875 0.5323814125 0.5772444015625 0.5316147875 0.5766137312499999 0.5229729578125 0.572011109375 0.52274513984375 0.5726054875 0.5323814125
0 0.59707982109375 0.5240223859375 0.60241473046875 0.52405724296875 0.600694953125 0.51520389296875 0.59592323359375 0.516687065625 0.59707982109375 0.5240223859375
0 0.17193414453125 0.45277505781249994 0.18087515546875 0.45448508828125 0.18084816328125 0.44283391953124995 0.1713357109375 0.43743740000000003 0.17193414453125 0.45277505781249994
0 0.27403385234375 0.48796703984375 0.28107206796875 0.48922947109375 0.28126108437499997 0.47977434218750004 0.27330785234375 0.48035711640625 0.27403385234375 0.48796703984375
0 0.551451853125 0.5371247257812499 0.57163458046875 0.5395175562500001 0.5714787515624999 0.5234594648437499 0.5499789734375 0.5243557226562501 0.551451853125 0.5371247257812499
0 0.073141446875 0.4692747453125 0.09864588671874999 0.47373888828125 0.099762371875 0.45760661796875 0.0724987734375 0.45681741171874995 0.073141446875 0.4692747453125
0 0.04064080703125 0.46410993046875 0.057483496875 0.46691580546875 0.056613146875 0.45302011484375004 0.039142185156249995 0.453865771875 0.04064080703125 0.46410993046875
0 0.28299477109375004 0.49210852578125 0.29207342109375 0.49552300390625004 0.29272908203125 0.48388873828124995 0.28256645156250004 0.48173108593749997 0.28299477109375004 0.49210852578125
0 0.4702484359375 0.54656556796875 0.49771512656250005 0.5547825421875 0.49428544687500003 0.5359411828125 0.46930108906249995 0.53233981015625 0.4702484359375 0.54656556796875
0 0.13345363203125 0.47584324765624997 0.1531642015625 0.47891003671875004 0.1533837828125 0.46724449140625 0.132600634375 0.46324791171874996 0.13345363203125 0.47584324765624997
0 0.1315295109375 0.44248568984375 0.14649862421874998 0.44657174375 0.14485212421875 0.43055236484375004 0.13090962734375 0.42690261874999996 0.1315295109375 0.44248568984375