0 0.44092664218750005 0.5997490476562499 0.44535734453125003 0.5997730015625 0.446040809375 0.59601520078125 0.44142337890625 0.59593263125 0.44092664218750005 0.5997490476562499
0 0.39488145390625 0.76729775078125 0.41854377734375003 0.7674169539062501 0.42033102265625005 0.7355580484375001 0.39954641640625 0.7350749859375 0.39488145390625 0.76729775078125
0 0.41568011250000003 0.67735831953125 0.423670309375 0.67745238984375 0.42760270078125 0.6620403757812501 0.41934339140625 0.6620714859375 0.41568011250000003 0.67735831953125
0 0.44395251796875 0.5915618648437501 0.44686760703125 0.5916526023437501 0.44762434687499997 0.5885444609375 0.44449398984375 0.58859223359375 0.44395251796875 0.5915618648437501
0 0.42019882500000005 0.6600731054687501 0.42568142109374996 0.66007418359375 0.42861006328125006 0.64681818203125 0.42362200078125 0.64688780625 0.42019882500000005 0.6600731054687501
0 0.40862467734374996 0.7009352171875001 0.4159105703125 0.7011169039062499 0.42022451484375 0.67992943984375 0.41352042734375 0.67965869296875 0.40862467734374996 0.7009352171875001
0 0.4371051140625 0.62689714375 0.43811747109375 0.62562557109375 0.43918059609375 0.6246197578125 0.44014805 0.62069181640625 0.42975941484374997 0.6207909468749999 0.4274498125 0.6279795148437499 0.42565475468749997 0.6340218195312499 0.43309004218749997 0.63413474375 0.433810803125 0.63090911328125 0.434810090625 0.62855276640625 0.43606150390625 0.6283460625 0.4371051140625 0.62689714375
0 0.37760486171875 0.7289450429687501 0.39429288906250004 0.7290032921875 0.40061162421874996 0.70415820859375 0.384173875 0.7042397171875 0.37760486171875 0.7289450429687501
0 0.42569143203125004 0.6446907429687501 0.4286209421875 0.643795759375 0.430660715625 0.64357576953125 0.43281086875 0.6350806765625 0.4280947046875 0.63502515234375 0.42778871562500004 0.6359058882812499 0.42670338984375 0.6361596828125 0.42611244921875 0.63663932421875 0.42509464765624994 0.637312809375 0.42511089999999996 0.63777844296875 0.42553196953125 0.63849143671875 0.42625880703124996 0.63923059609375 0.4267878546875 0.63983343671875 0.42598252109374996 0.64268007578125 0.42492871015624994 0.64572125 0.42569143203125004 0.6446907429687501
0 0.4330570640625 0.61881708671875 0.43955814765624995 0.6187948960937499 0.44155987890625 0.6122881718750001 0.43496577968750005 0.6121823296875 0.4330570640625 0.61881708671875
0 0.396642540625 0.72843434296875 0.40960993125 0.72849533359375 0.41429821796875005 0.7023912859375 0.4022421625 0.7022958921875 0.396642540625 0.72843434296875
0 0.43867477812500005 0.61102713125 0.44290448203125 0.6110910320312499 0.44421218671874996 0.60514031015625 0.43960017421875 0.6052129500000001 0.43867477812500005 0.61102713125