0 0.6805911460937499 0.44276822890625 0.6800312500000001 0.45588541640624997 0.71480729140625 0.46371354140625 0.71475651015625 0.44886979140624994 0.6805911460937499 0.44276822890625
0 0.85171223984375 0.49259635390625 0.8515846351562499 0.498359375 0.85683854140625 0.5001458335937501 0.8564999999999999 0.49437499999999995 0.85171223984375 0.49259635390625
0 0.58600390625 0.44976822890625 0.585828125 0.464171875 0.60750651015625 0.46516145859374997 0.60725911484375 0.44899218750000003 0.58600390625 0.44976822890625
0 0.7539687500000001 0.45217708359375 0.75320572890625 0.465140625 0.77557682265625 0.47276822890625 0.77604296875 0.46014322890625003 0.7539687500000001 0.45217708359375
0 0.78167708359375 0.461328125 0.78125390625 0.474640625 0.80120963515625 0.48141145859375 0.8018450523437499 0.47005729140624997 0.78167708359375 0.461328125
0 0.65384765625 0.45578385390625 0.6529843750000001 0.47063020859375 0.67393098984375 0.47357812499999996 0.67413411484375 0.45781770859375 0.65384765625 0.45578385390625
0 0.8178593749999999 0.47666666640625 0.8177330726562501 0.48708854140625 0.8317565101562501 0.49242708359375 0.8320950523437499 0.482859375 0.8178593749999999 0.47666666640625
0 0.8411614585937499 0.48802083359375 0.84111979140625 0.49530729140625 0.8495507812499999 0.497765625 0.849296875 0.49157812500000003 0.8411614585937499 0.48802083359375
0 0.8032005210937501 0.470734375 0.8027773437500001 0.4822578125 0.8170546875 0.48683333359375 0.8173515625000001 0.47598697890624997 0.8032005210937501 0.470734375
0 0.8583632812499999 0.48996874999999995 0.8585755210937499 0.49488281250000005 0.86213411484375 0.49640885390625 0.86221875 0.49208854140625 0.8583632812499999 0.48996874999999995
0 0.83290104140625 0.48413020859375006 0.8329856773437501 0.49293489609375 0.84027213515625 0.49573177109375 0.840484375 0.48691927109375 0.83290104140625 0.48413020859375006
0 0.5622434898437499 0.45301562500000003 0.56203125 0.46148958359375003 0.5806380210937501 0.462265625 0.58074348984375 0.45315625 0.5622434898437499 0.45301562500000003
0 0.52448958359375 0.45169531249999995 0.52395963515625 0.45988541640624997 0.53924479140625 0.4603125 0.5397421875 0.45056510390625004 0.52448958359375 0.45169531249999995
0 0.72761979140625 0.4604609375 0.72675520859375 0.45537760390625 0.72731380234375 0.4530390625 0.72411067734375 0.45212239609375005 0.7236536460937499 0.47784895859375 0.7305169273437501 0.47876302109375 0.73148307265625 0.46015625 0.72761979140625 0.4604609375
0 0.51747395859375 0.45187499999999997 0.51426171875 0.45207291640624997 0.5142122398437501 0.45879166640625 0.52141927109375 0.45825520859375 0.52164192734375 0.451140625 0.51747395859375 0.45187499999999997
0 0.54134375 0.450890625 0.54108072890625 0.46111979140625003 0.555171875 0.46154166640625 0.55526041640625 0.44941927109375 0.54134375 0.450890625
0 0.49706380234375 0.46344791640625005 0.49691666640625 0.4683046875 0.507828125 0.46864583359375 0.50780338515625 0.46349739609374996 0.49706380234375 0.46344791640625005
0 0.74475260390625 0.45659635390625003 0.73788932265625 0.45558072890625 0.73748307265625 0.46219010390625004 0.73641536484375 0.46452864609375 0.73351692734375 0.46127343749999994 0.73290625 0.4792734375 0.749125 0.48395052109375003 0.75085416640625 0.45842708359374995 0.74475260390625 0.45659635390625003
0 0.863109375 0.49344270859375 0.8628541664062499 0.49759635390624996 0.86658333359375 0.49920572890625003 0.8668372398437499 0.4950546875 0.863109375 0.49344270859375
0 0.61357942734375 0.45682812500000003 0.6130494789062501 0.46706770859375 0.6402708335937499 0.47052864609375 0.64062369765625 0.45958333359375 0.61357942734375 0.45682812500000003