0 0.410176321875 0.4877537828125 0.40719453671875006 0.4880910515625 0.41004545234374995 0.49321998828125 0.42012936015625 0.49129619609375 0.41718373046875 0.4835937203125 0.40997912265625003 0.48506895156249996 0.410176321875 0.4877537828125
0 0.42882113281249995 0.50924687890625 0.43914805156250003 0.50742359921875 0.4380181 0.50065011484375 0.42665392031250005 0.5028448859375 0.42882113281249995 0.50924687890625
0 0.40592945468749997 0.47121072109375 0.4236571171875 0.46845192578125 0.41911503671875006 0.45337168671874994 0.39940095078125004 0.45650228671875004 0.40592945468749997 0.47121072109375
0 0.4174224984375 0.5111438046875 0.426988584375 0.50938667890625 0.424636940625 0.5031957484375 0.4131540484375 0.50525981953125 0.4174224984375 0.5111438046875
0 0.3768244390625 0.3962671734375 0.4091021296875 0.3905765296875 0.39785240546875 0.301265703125 0.36198703046874997 0.30849888359375 0.3768244390625 0.3962671734375
0 0.25876117656250003 0.274696271875 0.26782455 0.2728478 0.2771216859375 0.2391462234375 0.26823093671875 0.24059233515625 0.25876117656250003 0.274696271875
0 0.38881737578125 0.47963445312499997 0.4065003765625 0.47642828281250005 0.3744154875 0.399411328125 0.34643567578125 0.40608551171874996 0.38881737578125 0.47963445312499997
0 0.4348249984375 0.4971554109375 0.432510375 0.49710466875000003 0.42951261640625005 0.49448915234374996 0.42785112265625 0.49479896796875 0.42430207343750004 0.49617164843749995 0.42713544531250003 0.5020694390625 0.43574020390625 0.50046492734375 0.4348249984375 0.4971554109375
0 0.32199222109375 0.30696734921875 0.32253632265625 0.29840102265625 0.324026996875 0.28647387265625 0.3119347890625 0.28845666015625004 0.3110810765625 0.3098264 0.32199222109375 0.30696734921875
0 0.39371768671875 0.44625918125 0.42044496953125005 0.4416385625 0.40962278281250003 0.39169091484375 0.3766614734375 0.39820170234374996 0.39371768671875 0.44625918125
0 0.28417596796875 0.26748100703125 0.29823652265625 0.26559670546874997 0.307160753125 0.23438760468750003 0.29376651171875 0.23651643046875 0.28417596796875 0.26748100703125