0 0.43892666171875006 0.50503967421875 0.44772750156249996 0.50273357265625 0.44503309375000005 0.48877568125000004 0.4332436875 0.49163536953125 0.43892666171875006 0.50503967421875
0 0.42505983203125003 0.49719615156249997 0.43249111874999996 0.4950503109375 0.430429546875 0.48887609843749996 0.42159577265625003 0.49132773046875 0.42505983203125003 0.49719615156249997
0 0.4291896546875 0.505129484375 0.43539178593749994 0.5033787390625 0.43379535703125 0.498216684375 0.42651239218750003 0.50035210390625 0.4291896546875 0.505129484375
0 0.4083940390625 0.21082204296875 0.39205506328125 0.21112843671874998 0.38343122109375 0.2529481640625 0.3941383546875 0.251635009375 0.40430774375 0.25354618046875 0.40967616484375 0.22773095859375 0.4009523328125 0.2294413359375 0.39699017734375 0.22329603203124998 0.41009322031249995 0.21544288125 0.4083940390625 0.21082204296875
0 0.42601155234375004 0.07287701640625 0.43573083749999997 0.07065818046875 0.43606442890624997 0.0647058890625 0.42643453515624996 0.0668478359375 0.42601155234375004 0.07287701640625
0 0.37768128203125 0.36159859375000003 0.39599292421875 0.35784327734375 0.39515692265625 0.34242439375 0.376286309375 0.34611750234375 0.37768128203125 0.36159859375000003
0 0.41886199609375 0.09746409375000001 0.43443872578125 0.09354045625 0.43487793906250005 0.07804255390625 0.4204761515625 0.08186048359375 0.41886199609375 0.09746409375000001
0 0.39549953046874997 0.45675942265625 0.412565271875 0.45196018671875005 0.4068578828125 0.43193437812499996 0.3889408640625 0.4376484484375 0.39549953046874997 0.45675942265625
0 0.44222596484375 0.5123335609375 0.44979483203125004 0.5104113203125 0.4486345515625 0.5040874515625 0.43993587500000003 0.50622314375 0.44222596484375 0.5123335609375
0 0.40213884296874997 0.29534546875 0.40515244843750003 0.257997790625 0.392465221875 0.25998577890624996 0.38074495078125004 0.267996196875 0.37600396328125 0.29952724140625003 0.40213884296874997 0.29534546875
0 0.39119451875 0.43157640546875 0.40454251640625005 0.42726392734375 0.39737113828125004 0.40205046484375 0.38108676484375004 0.40480145937499995 0.39119451875 0.43157640546875