0 0.33147768515625 0.25157396328125003 0.35032751328125 0.249705975 0.35407992421875 0.2335917109375 0.33617704375 0.23513641562499998 0.33147768515625 0.25157396328125003
0 0.40505540078125 0.7769110640625 0.41510086640625 0.77563608046875 0.42023178046875 0.7669860640625 0.41250274296875 0.767669959375 0.40505540078125 0.7769110640625
0 0.34613331015625 0.20649148906249998 0.3593410265625 0.20559983515625002 0.36553978359375 0.1851221109375 0.3544917671875 0.18597726484375 0.34613331015625 0.20649148906249998
0 0.32696363984375 0.342285165625 0.34590118046875 0.34000738671874997 0.34323322265625 0.28440637890625 0.32529965 0.28639849765625003 0.32696363984375 0.342285165625
0 0.3669116328125 0.8434082835937501 0.38340311250000003 0.8420477562500001 0.39493471796875 0.8074953062500001 0.3816270765625 0.8090422187499999 0.3669116328125 0.8434082835937501
0 0.4317345640625 0.061664217968750004 0.43579595624999995 0.0613717953125 0.43410614531249997 0.04916200078125 0.43083710078125004 0.04941595546875 0.4317345640625 0.061664217968750004
0 0.4310843703125 0.06612863906250001 0.4346795671875 0.06587297656249999 0.43503615078125 0.06183959765625 0.43187689687499997 0.0621169953125 0.4310843703125 0.06612863906250001
0 0.3494752625 0.18274815078125 0.365348071875 0.18143942500000002 0.37222056171875 0.15967521484375 0.36070438984375 0.1596233453125 0.3494752625 0.18274815078125
0 0.486977075 0.9888940664062501 0.50184199453125 0.9871661320312499 0.5006218265625 0.9709862484375 0.48580498671875 0.9732999421875 0.486977075 0.9888940664062501
0 0.44766854140624995 0.969316040625 0.48115400703125 0.9654236078125 0.472673890625 0.9166450109375001 0.4369868015625 0.92101596015625 0.44766854140624995 0.969316040625
0 0.38303671484375 0.48883885312500003 0.39010314609374996 0.48806570625 0.38784781484374997 0.47606244609375 0.38089128125 0.47699177421875005 0.38303671484375 0.48883885312500003
0 0.43551171875000005 0.84325028203125 0.46874408203125 0.8390010859375 0.46890518593749997 0.8011777070312499 0.43832826562499994 0.8055821890624999 0.43551171875000005 0.84325028203125
0 0.3718950703125 0.466376846875 0.38252339062499996 0.465040815625 0.38090858046875 0.455256078125 0.37116942578125 0.4562876125 0.3718950703125 0.466376846875
0 0.3618469109375 0.49081391171875 0.37154785390625 0.48928397265625 0.36877101015624997 0.472733921875 0.3598822578125 0.47427001874999997 0.3618469109375 0.49081391171875
0 0.3699450796875 0.15816970390625001 0.38167886953124996 0.1575217921875 0.38781496875 0.14347571640625 0.37736131015624996 0.14437709921875 0.3699450796875 0.15816970390625001