0 0.5201593085937499 0.56840584765625 0.5218503531249999 0.5608694148437501 0.514795278125 0.5585280921875 0.5129980015625 0.567042253125 0.5201593085937499 0.56840584765625
0 0.235755378125 0.5049160460937501 0.2395477859375 0.48580246562499996 0.21796108749999998 0.47472267031250004 0.21420909609375 0.49149739531250003 0.235755378125 0.5049160460937501
0 0.529185490625 0.56976743203125 0.53075622734375 0.56270454375 0.52248823359375 0.5604464945312501 0.5210176734374999 0.5681404125 0.529185490625 0.56976743203125
0 0.40222054921875 0.559321959375 0.40955788671875004 0.53231677265625 0.37640488125 0.520841084375 0.3694011734375 0.550403740625 0.40222054921875 0.559321959375
0 0.19484585078125 0.47677703515625 0.19758245234375 0.465442834375 0.18115877734375002 0.45745269453125 0.17917960703125 0.467120659375 0.19484585078125 0.47677703515625
0 0.1758134125 0.46613805234375 0.177810253125 0.45637937031250003 0.16664088906250002 0.450046925 0.165055034375 0.458931959375 0.1758134125 0.46613805234375
0 0.4840127609375 0.55790267734375 0.48719243046875 0.5502100375000001 0.47060632890625 0.54429771484375 0.46825206406250003 0.55465505546875 0.4840127609375 0.55790267734375
0 0.35932146015625 0.5578717515625 0.363741559375 0.53944187109375 0.33212472578124996 0.52726246484375 0.32770695859375 0.54638577578125 0.35932146015625 0.5578717515625
0 0.28495428671875 0.5302427609375 0.28957197734375 0.533553253125 0.311398496875 0.5423323328125 0.31579710859375 0.5222378937500001 0.28679840625 0.509769384375 0.2820223125 0.52895744921875 0.28495428671875 0.5302427609375
0 0.5104790718750001 0.56368948359375 0.5119359007812501 0.5584932539062499 0.499906603125 0.555126953125 0.49882156796875005 0.56112223046875 0.5104790718750001 0.56368948359375
0 0.2718910203125 0.52410685859375 0.27651874374999996 0.5046110406250001 0.25349732343750003 0.49378996953125 0.24944751953125 0.511744740625 0.2718910203125 0.52410685859375
0 0.49660200546875 0.563855390625 0.499402546875 0.554165009375 0.48828408828125003 0.5505293421874999 0.48462075546875 0.56291989140625 0.49660200546875 0.563855390625
0 0.43996851171875007 0.56759562265625 0.44372529531250005 0.5542777890624999 0.40876211875 0.54441948828125 0.40457020703125 0.5599712554687499 0.43996851171875007 0.56759562265625