0 0.4086956375 0.40430340390625 0.412418396875 0.423040965625 0.41714221640625004 0.43409406796875 0.44047519609375 0.433280265625 0.4404570578125 0.42319904140625003 0.43865371328125 0.40087468203125 0.43933986015625 0.36977015625 0.41371903359375006 0.37147250781249996 0.4122896515625 0.37639842578125 0.4086956375 0.40430340390625
0 0.41743067968750003 0.44765306796875004 0.41481480312499996 0.45921555546875004 0.41496882343749997 0.47264490703125006 0.41973643125000004 0.48988740546875 0.42525972031250003 0.50022928984375 0.4438472296875 0.5000105632812499 0.443298159375 0.48878392656249997 0.4423613046875 0.46821612265625 0.440648675 0.44388958515625 0.41803815312500003 0.44528209218750003 0.41743067968750003 0.44765306796875004
0 0.44558445625000004 0.20986745078125 0.44514858437499993 0.20858753671875002 0.44642227421875 0.20804854921875 0.44703469062499995 0.20020105078125 0.44721355078125 0.19603953125 0.44681152187500006 0.19383643828125 0.43709324609375005 0.193991059375 0.43437616953124997 0.195186621875 0.43330726484375 0.19643931953125 0.4309857375 0.20252686562500002 0.43010238437500004 0.20363979531249998 0.43174848828125 0.2089578640625 0.4333658984375 0.21113273671875002 0.44470385312499994 0.21032970390625 0.44558445625000004 0.20986745078125
0 0.4238736046875 0.25637660703125 0.42166201015624993 0.26072021328125 0.42049306171875 0.26942210390625 0.4208850703125 0.2788438078125 0.42208703671875 0.28623989765625 0.44163112812499994 0.28489831015625 0.44453736796875 0.2433923796875 0.42985698828125 0.24450049296874998 0.427397609375 0.24606654765624997 0.42685521953125 0.24924581640625001 0.4238736046875 0.25637660703125
0 0.44419034921874995 0.5647487640625 0.43879523046875 0.56496356328125 0.43799836640625 0.565670378125 0.43656893203124997 0.570162621875 0.43730952109375 0.5731963570312499 0.43937010078125 0.57662804375 0.44210262031249997 0.5789180046875 0.45217634375 0.578617978125 0.45185077109374994 0.572950940625 0.4503329359375 0.561749509375 0.44387610468750005 0.562002009375 0.44419034921874995 0.5647487640625
0 0.44889423749999996 0.1737845046875 0.44983475781250004 0.16527023046875 0.44837026093750004 0.16482116484375 0.44504641796875 0.16255995234375 0.4446075578125 0.1613312328125 0.44252633984375 0.16134606953125 0.44177976796875 0.16544567734375 0.441220165625 0.17105510546875 0.44123276328124994 0.17129530390625 0.43814611796875 0.17355688515625 0.43692163515625 0.1756831578125 0.43863165468750004 0.1767032546875 0.43930076015625 0.17826579765625 0.4486639671875 0.17756069218749998 0.44889423749999996 0.1737845046875
0 0.44874745625 0.18558877734375 0.4488437515625 0.179258009375 0.44076296796875003 0.1799692578125 0.43869700234375 0.180329015625 0.43762467421875 0.18124602578125 0.43637366328124993 0.18286646875 0.43558805234375003 0.18416645468749998 0.43487564765625003 0.18588876953125 0.43457914921874996 0.18732043671875 0.4356927453125 0.19021908203125 0.436998134375 0.19169073828125 0.44731999140624995 0.1909298375 0.44816348125000005 0.1897058484375 0.44874745625 0.18558877734375
0 0.43882650156249997 0.5595563703125 0.44869748359374995 0.55939286171875 0.447950946875 0.553000603125 0.44665525468749995 0.54176214765625 0.43399994296875005 0.5427042117187499 0.43280360703125 0.5434201046875 0.43274447812499994 0.55127083046875 0.435462615625 0.5559907875000001 0.43882650156249997 0.5595563703125
0 0.41794278203125 0.29748742421875 0.41246785781249995 0.31083764296875 0.40997234921875 0.32523611796875 0.40914323515625 0.33706451406250004 0.41461502031249997 0.35210331093749997 0.43826464765625 0.3509451125 0.43703198906249996 0.3466956765625 0.43867000390625 0.321247246875 0.44106166953125003 0.29432211875 0.42046289140625 0.2955649421875 0.41794278203125 0.29748742421875
0 0.43274935625 0.53275849453125 0.43356135937499996 0.53590995625 0.432003965625 0.542235059375 0.44427050234375 0.5417223734375 0.44460583124999997 0.54135563125 0.44548721875 0.5357161351562499 0.44770029765624997 0.5357276375 0.447055090625 0.526453890625 0.4454538171875 0.50733349921875 0.42837183828125003 0.5078642640625 0.43274935625 0.53275849453125
0 0.45550142265625004 0.59734467109375 0.455060678125 0.59056329609375 0.45433710781250003 0.58163425 0.45390367343750004 0.5831050656250001 0.45178845390625 0.5844186609375 0.4497143515625 0.58489368984375 0.44819038203124995 0.58450052421875 0.44636510078124997 0.5837705843750001 0.44552957578125 0.5829830390625 0.44548215078125003 0.5820787632812501 0.44687694218749996 0.581090546875 0.44387717109375 0.5812226218750001 0.44428531015625 0.5830554578125 0.4469004734375 0.5923562734375001 0.44827465859375 0.5980062148437499 0.45550142265625004 0.59734467109375