0 0.40966572812499996 0.7920280992187501 0.41599321875 0.7927001234375 0.4164012171875 0.781784115625 0.41023875234374996 0.78141208046875 0.40966572812499996 0.7920280992187501
0 0.4132626390625 0.8187509500000001 0.4138962515625 0.8140086640625 0.41189220000000004 0.8141832546875 0.408901865625 0.81432814765625 0.40858536484375 0.81849396015625 0.4132626390625 0.8187509500000001
0 0.40602758046875 0.8596606390625 0.40998882343750004 0.8602190601562499 0.41020474140624996 0.85397356640625 0.40652793203125004 0.85330078671875 0.40602758046875 0.8596606390625
0 0.38077241328125 0.7147269453125 0.38597956093749997 0.71540726953125 0.38993051562500003 0.70413722890625 0.38472593984375003 0.70342095234375 0.38077241328125 0.7147269453125
0 0.38351871171875 0.8260019562500001 0.38778071718749996 0.8262975414062501 0.38753316796875004 0.81803724296875 0.3823524984375 0.81763395234375 0.38351871171875 0.8260019562500001
0 0.41193533281250005 0.7650087906249999 0.42049393359375 0.7661881265625 0.42114953515625003 0.7526048328125 0.41313658046875 0.7520158421875001 0.41193533281250005 0.7650087906249999
0 0.4217312296875 0.7156564624999999 0.42588043359374994 0.71593613671875 0.42837286093750004 0.7034517499999999 0.4233135203125 0.70315265078125 0.4217312296875 0.7156564624999999
0 0.4221397640625 0.72418942265625 0.4199570203125 0.72399259453125 0.41856158984374997 0.7319716421875 0.4277592046875 0.73313861640625 0.42891235234374997 0.7240502203125 0.42590433515625004 0.7239311984375 0.4221397640625 0.72418942265625
0 0.38204428671875 0.856651390625 0.385758178125 0.8570519046875 0.3868445921875 0.84768712734375 0.38265162734375 0.8472304460937499 0.38204428671875 0.856651390625
0 0.3959790140625 0.70407963828125 0.40121556875 0.70474192421875 0.40563434921874997 0.69076328125 0.4010587015625 0.6905437179687499 0.3959790140625 0.70407963828125
0 0.4107543890625 0.7482345632812499 0.4168565125 0.749019815625 0.41763196249999995 0.7403544265625001 0.411971446875 0.7399002484375 0.4107543890625 0.7482345632812499
0 0.381828934375 0.8156456703125 0.3872896484375 0.81611133515625 0.3867749109375 0.8052805039062501 0.38103820078125 0.804724740625 0.381828934375 0.8156456703125
0 0.41031104609374996 0.780440321875 0.41647659609375004 0.7812679234375 0.41734754062499996 0.7676400531249999 0.4114283046875 0.7670508046875 0.41031104609374996 0.780440321875
0 0.409882290625 0.8015456406249999 0.41476228125 0.8020828703125 0.41508596718749996 0.79700614921875 0.40955211171875006 0.7966379890625 0.409882290625 0.8015456406249999