0 0.50907161484375 0.44853385390625 0.50927473984375 0.44576041640625 0.50401822890625 0.44788020859375 0.5040585937500001 0.4573359375 0.51172135390625 0.45538020859375 0.51159895859375 0.44861458359375 0.50907161484375 0.44853385390625
0 0.48588411484374994 0.46357291640625 0.4857890625 0.4732421875 0.49227473984375003 0.47286458359375 0.49220442734375 0.46220572890625 0.48588411484374994 0.46357291640625
0 0.52516927109375 0.44624479140625006 0.52466145859375 0.46280729140625 0.53945182265625 0.46010416640624996 0.53995833359375 0.44167968750000003 0.52516927109375 0.44624479140625006
0 0.48609635390625006 0.45291145859375004 0.48607161484374994 0.46187500000000004 0.49222786484375 0.46031770859375004 0.49229947890625 0.44956250000000003 0.48609635390625006 0.45291145859375004
0 0.59980338515625 0.42680729140624996 0.59949869765625 0.45702864609375 0.6843828125 0.45540364609374995 0.68387630234375 0.42173437500000005 0.59980338515625 0.42680729140624996
0 0.733140625 0.33015885390625 0.73328776015625 0.33866927109375 0.7629739585937501 0.35050260390625 0.76317057265625 0.34219010390625 0.733140625 0.33015885390625
0 0.52030989609375 0.4296953125 0.52022526015625 0.44626041640625 0.59730078125 0.42428645859375 0.59594791640625 0.39791927109374997 0.52030989609375 0.4296953125
0 0.49946875 0.46564843749999996 0.49946875 0.46409114609374996 0.49880859375000003 0.46069531250000006 0.49284114609375 0.46272395859375 0.49284114609375 0.4707890625 0.49607291640625 0.47027083359375005 0.49652083359375 0.4681484375 0.49946875 0.46564843749999996
0 0.71115494765625 0.3776875 0.6914583335937501 0.37481770859374997 0.69222395859375 0.385125 0.70008463515625 0.3864609375 0.71090234375 0.38899479140625004 0.71115494765625 0.3776875
0 0.55045442734375 0.43745572890625006 0.5501171874999999 0.46247135390625005 0.5983736976562499 0.45739843750000003 0.59803515625 0.42646875 0.55045442734375 0.43745572890625006
0 0.73544010390625 0.35422135390625 0.73475520859375 0.367328125 0.76219140625 0.37857552109375 0.76253385390625 0.36605729140625 0.73544010390625 0.35422135390625