0 0.8752070312500001 0.50591927109375 0.8742890624999999 0.51209895859375 0.87928255234375 0.515359375 0.88006380234375 0.5091119789062499 0.8752070312500001 0.50591927109375
0 0.61081119765625 0.41586718749999996 0.61024739609375 0.42798177109375 0.6358125 0.43263020859375 0.6363763023437501 0.42065625000000006 0.61081119765625 0.41586718749999996
0 0.8629114585937501 0.506734375 0.86345442734375 0.49681510390624994 0.8554739585937501 0.49124479140625 0.85506640625 0.49606770859375005 0.8563906250000001 0.49776822890625 0.855609375 0.50258854140625 0.8629114585937501 0.506734375
0 0.58566927109375 0.41065625 0.58503515625 0.42446093749999997 0.60475390625 0.42671354140625006 0.60524739609375 0.40995312500000003 0.58566927109375 0.41065625
0 0.52165364609375 0.41710416640625 0.52151302109375 0.42266927109374997 0.52795182265625 0.42210416640625 0.52797526015625 0.41625520859375 0.52165364609375 0.41710416640625
0 0.8400546875 0.47922395859375 0.8386276039062499 0.49145052109375 0.8542174476562501 0.50082291640625 0.8551341148437499 0.49029427109375 0.8400546875 0.47922395859375
0 0.5601302085937501 0.41531510390625004 0.55984505234375 0.42240625 0.58222005234375 0.42248697890625 0.58213802109375 0.41498697890624997 0.5601302085937501 0.41531510390625004
0 0.82466536484375 0.46841666640625 0.82343880234375 0.48159375000000004 0.83834895859375 0.4904921875 0.8394049476562501 0.47921614609374996 0.82466536484375 0.46841666640625
0 0.6781510414062499 0.40444791640625005 0.6770364585937501 0.42041145859375 0.70831770859375 0.432734375 0.7099609375 0.41465885390625 0.6781510414062499 0.40444791640625005
0 0.8641757812499999 0.49866406249999995 0.86373307265625 0.50586458359375 0.87191927109375 0.51082291640625 0.87232682265625 0.50457291640625 0.8641757812499999 0.49866406249999995
0 0.76835416640625 0.43297916640625 0.76676432265625 0.45017708359375 0.7925221351562499 0.46444270859375003 0.7939895835937499 0.4487109375 0.76835416640625 0.43297916640625
0 0.8013489585937499 0.45330208359375 0.80012630234375 0.46573177109374997 0.82114973984375 0.47931770859375 0.8225768226562501 0.46729427109375 0.8013489585937499 0.45330208359375
0 0.50514583359375 0.42934114609374996 0.50512239609375 0.4336796875 0.51524088515625 0.43316145859375005 0.51528776015625 0.4285859375 0.50514583359375 0.42934114609374996
0 0.5448059898437501 0.41409114609375 0.5446432289062499 0.42403645859375 0.5575625 0.42419791640625004 0.55744010390625 0.41197135390625006 0.5448059898437501 0.41409114609375
0 0.50018359375 0.4344765625 0.5001015625 0.43919791640624994 0.50299479140625 0.439609375 0.50304947890625 0.4344765625 0.50018359375 0.4344765625
0 0.65234895859375 0.41919270859375 0.65143359375 0.43398177109375 0.66186197890625 0.43666666640624996 0.66284244765625 0.4207421875 0.65234895859375 0.41919270859375
0 0.5302148437499999 0.4166171875 0.5301328125 0.42395572890625 0.5434609375 0.4237109375 0.54329817734375 0.4150703125 0.5302148437499999 0.4166171875