0 0.76404036484375 0.39931770859375 0.7637265625 0.41766927109375 0.77895052109375 0.4225703125 0.77947135390625 0.40515885390625 0.76404036484375 0.39931770859375
0 0.24561458359375 0.42873177109375 0.24571874999999999 0.43853385390625005 0.25353906249999997 0.44417447890624995 0.25374739609375 0.43665624999999997 0.24561458359375 0.42873177109375
0 0.8061627601562501 0.41704427109375003 0.8055377601562499 0.42986979140625003 0.82472265625 0.43747916640625 0.82513932265625 0.42674218750000004 0.8061627601562501 0.41704427109375003
0 0.67646614609375 0.38776822890624996 0.67654036484375 0.40623697890625 0.7308320312500001 0.40806770859375 0.730921875 0.39059114609375 0.67646614609375 0.38776822890624996
0 0.18534895859375 0.386625 0.18480859375 0.40265885390625 0.21705859374999997 0.41653385390625 0.21705859374999997 0.40355989609375 0.18534895859375 0.386625
0 0.9371328125 0.5111901039062501 0.93695833359375 0.51513541640625 0.9490052085937499 0.51447135390625 0.94912760390625 0.51129427109375 0.9371328125 0.5111901039062501
0 0.93287109375 0.5102083335937501 0.93271354140625 0.51370052109375 0.93658984375 0.51436458359375 0.9366770835937499 0.51129166640625 0.93287109375 0.5102083335937501
0 0.8288411460937499 0.42215364609375 0.8283203125 0.4375859375 0.8486783851562499 0.44594791640625 0.8500286460937501 0.43483072890625 0.8288411460937499 0.42215364609375
0 0.03052473984375 0.49104166640624997 0.03052473984375 0.50553385390625 0.046373697656250004 0.50563802109375 0.04579947890625 0.49114583359374997 0.03052473984375 0.49104166640624997
0 0.053972656249999994 0.4546328125 0.053972656249999994 0.48727864609375005 0.10229557265625 0.48295572890624994 0.10207942734375 0.44814583359375 0.053972656249999994 0.4546328125
0 0.527828125 0.43030208359375 0.52778125 0.4371875 0.53969140625 0.4359609375 0.53957421875 0.42916927109375 0.527828125 0.43030208359375
0 0.17775911484375 0.45288541640625 0.17813411484375 0.48531510390625004 0.21484375 0.48846875 0.21401822890625 0.45859114609375 0.17775911484375 0.45288541640625
0 0.5508971351562499 0.42132291640624997 0.55099479140625 0.43169270859375003 0.56067838515625 0.43090885390624994 0.5607760414062499 0.42142187499999995 0.5508971351562499 0.42132291640624997
0 0.52830208359375 0.40968229140625 0.5286927085937501 0.41917187499999997 0.54507682265625 0.41780208359375 0.54458854140625 0.40909635390625 0.52830208359375 0.40968229140625
0 0.85039713515625 0.44386979140625 0.8497018226562499 0.45525260390625 0.8626484375000001 0.46229166640625 0.862953125 0.452125 0.85039713515625 0.44386979140625