0 0.49849869765625004 0.46003645859375003 0.49830208359375006 0.46699999999999997 0.504921875 0.46778385390625 0.50504427109375 0.4599375 0.49849869765625004 0.46003645859375003
0 0.76005208359375 0.4643515625 0.75999088515625 0.481921875 0.7809179687500001 0.48777864609375 0.78134505234375 0.47228125 0.76005208359375 0.4643515625
0 0.49030989609375003 0.46047656249999996 0.49013802109375 0.46699999999999997 0.49781250000000005 0.46748958359375 0.49778776015625 0.46042708359375 0.49030989609375003 0.46047656249999996
0 0.60400130234375 0.44659635390624997 0.60217057265625 0.47178125 0.6333593750000001 0.4758828125 0.63445703125 0.4485 0.60400130234375 0.44659635390624997
0 0.8009375000000001 0.4817578125 0.80047135390625 0.49226562500000004 0.81631770859375 0.49633333359375 0.8164023437499999 0.48743489609374996 0.8009375000000001 0.4817578125
0 0.81953776015625 0.48769010390625 0.8194531250000001 0.496671875 0.8303841148437501 0.5002317710937499 0.83025651015625 0.49209635390625 0.81953776015625 0.48769010390625
0 0.53215885390625 0.462734375 0.53067708359375 0.47010677109375 0.54630989609375 0.47230989609374996 0.54660677109375 0.462734375 0.53215885390625 0.462734375
0 0.6420585937500001 0.44007031249999995 0.64132682265625 0.45715104140624996 0.67128255234375 0.46215364609375 0.67189322890625 0.4444609375 0.6420585937500001 0.44007031249999995
0 0.7123437499999999 0.45093750000000005 0.70770572890625 0.44885416640625 0.68696223984375 0.44507291640625 0.68653515625 0.46361979140625 0.71423307265625 0.46935416640625 0.7151484375 0.45153906250000003 0.7123437499999999 0.45093750000000005
0 0.50783984375 0.46244010390624996 0.50744791640625 0.46729427109375 0.5186276039062501 0.468078125 0.5185546875 0.4625859375 0.50783984375 0.46244010390624996
0 0.72491015625 0.45397916640625 0.72417838515625 0.47203906250000005 0.7463255210937499 0.47740625000000003 0.7468125 0.4608125 0.72491015625 0.45397916640625
0 0.5200416664062499 0.45976822890625 0.51923697890625 0.4688359375 0.5296601562500001 0.4700234375 0.53076171875 0.4584140625 0.5200416664062499 0.45976822890625
0 0.5693125 0.44615885390625004 0.5682877601562499 0.45860416640625 0.6007942710937499 0.46094791640625 0.6018190101562501 0.44645052109375005 0.5693125 0.44615885390625004