0 0.79555729140625 0.45723177109375 0.79423697890625 0.4679921875 0.82553776015625 0.47561979140625 0.82661328125 0.46202343749999997 0.79555729140625 0.45723177109375
0 0.08183072890625001 0.4955625 0.08234375000000001 0.50638541640625 0.11080338515624999 0.49920052109375 0.11029036484375002 0.48930989609375003 0.08183072890625001 0.4955625
0 0.19340234375 0.47887760390625 0.1941796875 0.48820833359375 0.20195572890625 0.48639583359375005 0.20104817734374997 0.47758072890625 0.19340234375 0.47887760390625
0 0.0007096351562499999 0.53747135390625 0.00078645859375 0.54447135390625 0.01097395859375 0.54384895859375 0.011050781249999999 0.53583854140625 0.0007096351562499999 0.53747135390625
0 0.7452317710937499 0.4501875 0.7443515625 0.4575234375 0.7541328125 0.45948177109375 0.75457291640625 0.45087239609375 0.7452317710937499 0.4501875
0 0.88869661484375 0.49198437500000003 0.87960026015625 0.48071614609375 0.87097265625 0.46979947890625 0.8702096351562499 0.48400260390625 0.88200651015625 0.49503645859375 0.8874062500000001 0.50031770859375 0.88869661484375 0.49198437500000003
0 0.33114973984375 0.42123697890624995 0.3319609375 0.42946875 0.33973697890625 0.42804166640624997 0.33895833359375 0.42013541640624996 0.33114973984375 0.42123697890624995
0 0.44092447890625 0.4287421875 0.44173437499999996 0.43690625 0.45226432265625 0.43236979140625 0.45158463515624997 0.42226302109375 0.44092447890625 0.4287421875
0 0.8955026039062499 0.50118229140625 0.89485677109375 0.5095364585937501 0.90073307265625 0.51476822890625 0.90148046875 0.5086536460937501 0.8955026039062499 0.50118229140625
0 0.31136067734375 0.42818489609375004 0.31210546875 0.43427604140625 0.32415885390625 0.43051822890624997 0.32338151015625 0.42377864609375004 0.31136067734375 0.42818489609375004
0 0.75780078125 0.45234114609375 0.75687109375 0.4608515625 0.76963671875 0.46202343749999997 0.7698815101562501 0.45283072890625 0.75780078125 0.45234114609375
0 0.7746744789062501 0.45439583359375 0.7741354164062499 0.46280729140625 0.79095963515625 0.46534895859375 0.7912539062499999 0.4567421875 0.7746744789062501 0.45439583359375
0 0.45812890624999997 0.42187239609375 0.45888020859375 0.43223958359375 0.48006380234375 0.42627864609375 0.47941666640624997 0.41390364609374997 0.45812890624999997 0.42187239609375
0 0.7243776039062501 0.451046875 0.7238828125000001 0.45623697890625003 0.7292838539062501 0.45651822890625005 0.72970833359375 0.45133072890625003 0.7243776039062501 0.451046875
0 0.06274739609374999 0.5300234374999999 0.06313932265625 0.54099739609375 0.09298046875 0.53786197890625 0.09225260390625 0.52621614609375 0.06274739609374999 0.5300234374999999
0 0.74890625 0.491046875 0.74785416640625 0.49812239609375003 0.7632981773437499 0.50811197890625 0.76402734375 0.49958072890625005 0.74890625 0.491046875
0 0.02337630234375 0.50597916640625 0.02310416640625 0.51414583359375 0.04025 0.51212239609375 0.040171875 0.50426822890625 0.02337630234375 0.50597916640625
0 0.12918619765625 0.48744270859374994 0.12960546875 0.49705468750000004 0.14187630234374998 0.49630729140624996 0.14113020859375 0.48678906250000004 0.12918619765625 0.48744270859374994
0 0.00459765625 0.5106692710937499 0.00451953125 0.51953385390625 0.01645572890625 0.51595572890625 0.01630078125 0.506859375 0.00459765625 0.5106692710937499
0 0.15345703125000001 0.48651041640625003 0.15468880234375 0.49591666640625 0.16499088515625 0.49513281249999996 0.1633671875 0.48662239609375 0.15345703125000001 0.48651041640625003
0 0.84030729140625 0.46352083359374996 0.83860546875 0.47772395859375 0.86900651015625 0.48277083359375006 0.87006380234375 0.4702109375 0.84030729140625 0.46352083359374996
0 0.04425520859375 0.50224739609375 0.04483854140625 0.51398958359375 0.06346093750000001 0.5108776039062499 0.06280078125 0.49874739609374996 0.04425520859375 0.50224739609375