0 0.14977178046875 0.3624900578125 0.14917097968749998 0.37163062265625 0.17589040078125 0.370916946875 0.17640720781250002 0.362041440625 0.14977178046875 0.3624900578125
0 0.13682967265624998 0.30352410390625 0.13612707109375 0.31029526406249996 0.147874878125 0.30871084296875 0.1484497640625 0.301930471875 0.13682967265624998 0.30352410390625
0 0.052578813281250004 0.4229606546875 0.05165310078125 0.43191914843749996 0.069896771875 0.42619332343750005 0.070216846875 0.41771566875 0.052578813281250004 0.4229606546875
0 0.1543140890625 0.3024551390625 0.15445064765625 0.30936557890625 0.1801801203125 0.31141800234375 0.18074962187500002 0.30425116874999997 0.1543140890625 0.3024551390625
0 0.10471439687499999 0.32983682890625 0.10351535078125 0.34407389609375 0.12973588593750002 0.33692860625 0.13055055625 0.3215527828125 0.10471439687499999 0.32983682890625
0 0.07878365546875 0.42437116250000007 0.07749974765624999 0.4372328796875 0.1004671 0.43262232890624996 0.1017702234375 0.41963835390625004 0.07878365546875 0.42437116250000007
0 0.147411321875 0.40992659062500003 0.1465465625 0.4253445875 0.1712655046875 0.42275903281250005 0.172110815625 0.40747430078124997 0.147411321875 0.40992659062500003
0 0.10622290390625 0.4181230109375 0.10582675078124999 0.4267644625 0.1308578453125 0.42193651015625006 0.13151035859375 0.4131095578125 0.10622290390625 0.4181230109375
0 0.1050033171875 0.3527126921875 0.10398522109375 0.36233244453125 0.127550721875 0.3560411234375 0.12805081406250002 0.34659338203125 0.1050033171875 0.3527126921875
0 0.021352960937500002 0.43394039921875 0.020848498437499998 0.44116019453125005 0.03213086953125 0.43761890703125 0.0327881296875 0.42903224609375 0.021352960937500002 0.43394039921875
0 0.102872759375 0.37278695390625 0.10278367265624999 0.3757587625 0.12646339140625001 0.37016184218750003 0.12677502109375 0.36693519921875 0.102872759375 0.37278695390625