0 0.11793981718749999 0.6072695382812501 0.1258170296875 0.608221159375 0.1230567765625 0.60090151640625 0.11739739609375 0.6019688359375001 0.11793981718749999 0.6072695382812501
0 0.39922303124999997 0.5883497828124999 0.41786406249999997 0.5861611609375 0.4162976953125 0.57250473828125 0.3959628515625 0.57489222734375 0.39922303124999997 0.5883497828124999
0 0.28893360546875 0.61553131640625 0.315331253125 0.61099018984375 0.31499367890625 0.5966117109375 0.28560281796875 0.6019839874999999 0.28893360546875 0.61553131640625
0 0.1273442859375 0.6057757632812499 0.13397454140625 0.6068764382812499 0.13276363671875 0.5977502007812501 0.12646703671874998 0.59902485546875 0.1273442859375 0.6057757632812499
0 0.42281076015624997 0.58212161875 0.43879183359375 0.57816739609375 0.43553165390625 0.564709840625 0.41800342734375 0.56745956015625 0.42281076015624997 0.58212161875
0 0.23356371484375 0.6181494101562499 0.25092893359375 0.61877952109375 0.2508283140625 0.601436590625 0.2318692875 0.6036625476562499 0.23356371484375 0.6181494101562499
0 0.32200330625 0.60395986640625 0.34214054140625 0.60255501796875 0.34002381328125 0.5874259875 0.32041557734375 0.5926117890625 0.32200330625 0.60395986640625
0 0.14272592890625 0.6125014234374999 0.15342495625000002 0.6120191765625 0.1527903109375 0.60610646171875 0.1424309359375 0.6055840890625 0.14272592890625 0.6125014234374999
0 0.13514475078125 0.60779124921875 0.14128622421874998 0.6097735828124999 0.1390672953125 0.599411346875 0.1344174953125 0.60053771015625 0.13514475078125 0.60779124921875
0 0.45499853281249997 0.56104075546875 0.46128929531249996 0.5616856664062501 0.45705364765625 0.551109646875 0.45453268828125 0.55278913203125 0.45499853281249997 0.56104075546875
0 0.44133569609374995 0.56679805078125 0.45523145390625 0.5651665671874999 0.45007343984375003 0.55539059140625 0.43826429296875 0.554699184375 0.44133569609374995 0.56679805078125