0 0.498411403125 0.1312939078125 0.5047791046875 0.13243194765625 0.5083700515625 0.12735392421875 0.5019263820312501 0.12635556796875 0.498411403125 0.1312939078125
0 0.39388896015624997 0.40265720703124996 0.40642431171875 0.40360716874999997 0.412322971875 0.37724590078125 0.3999334046875 0.3763001828125 0.39388896015624997 0.40265720703124996
0 0.49873716796874995 0.1440644421875 0.48847681171875 0.1432023109375 0.482365059375 0.15130703125 0.48734775468749997 0.15187502343749998 0.48916660468749995 0.15055360703125 0.49413081875 0.15150890703125 0.49873716796874995 0.1440644421875
0 0.38742502890625 0.42856282578125005 0.4017095390625 0.42963666796875 0.404877546875 0.40926361328125005 0.38752290078125 0.40824636953125 0.38742502890625 0.42856282578125005
0 0.3914061390625 0.4951177875 0.39716953203125 0.49543146796875004 0.39685560546875 0.488739771875 0.39079299296875003 0.48853900703124997 0.3914061390625 0.4951177875
0 0.46925191953125 0.16692840703125 0.48186690312499997 0.1687766484375 0.4922416171875 0.15289854687499999 0.48136530390625004 0.15163064531249998 0.46925191953125 0.16692840703125
0 0.39117631796875 0.45517790781249995 0.3985156515625 0.45568745625 0.39954425625 0.4324953296875 0.3917655578125 0.4323540828125 0.39117631796875 0.45517790781249995
0 0.45739812031250004 0.18255535078125001 0.471006975 0.18422440546875002 0.48086163359375 0.16903658828125 0.46921638125 0.16760170937500002 0.45739812031250004 0.18255535078125001
0 0.3848944421875 0.33250627499999996 0.40139674062499997 0.33414331875 0.4154929140625 0.30208807890625 0.39682345546875003 0.2998393046875 0.3848944421875 0.33250627499999996
0 0.49042408593750003 0.14251031953124998 0.49787015390624995 0.14318649140625 0.5033561578125 0.13485004218750002 0.4968940078125 0.13423899453125002 0.49042408593750003 0.14251031953124998
0 0.41828207500000003 0.23985996015625002 0.436043978125 0.24202691562499998 0.45192089218750003 0.21575603984375 0.435673771875 0.21376019921874997 0.41828207500000003 0.23985996015625002
0 0.4407441953125 0.20626978046875002 0.45357839140625 0.20791223671874998 0.4685507390625 0.18652864296875 0.45614633437499996 0.18468652890624998 0.4407441953125 0.20626978046875002
0 0.40339505078125004 0.5125994578124999 0.40789181796875 0.5127546515625 0.40778188281250005 0.5022499015624999 0.4030404296875 0.5020632609375 0.40339505078125004 0.5125994578124999
0 0.3892602890625 0.47102650234375 0.39956369921875 0.47149528359375 0.40027667421875 0.45810767031250005 0.3875962546875 0.4578656625 0.3892602890625 0.47102650234375
0 0.40850936718749997 0.51789839609375 0.41340052031249996 0.5181258804687501 0.4139492609375 0.515139090625 0.40863039609375 0.51492753828125 0.40850936718749997 0.51789839609375
0 0.39909069296875 0.35969831484375 0.41438382421875 0.3610934078125 0.41760764921875 0.3503640515625 0.40114018203125 0.34886721328125 0.39909069296875 0.35969831484375
0 0.39126283515625004 0.48622831250000004 0.39886722109375 0.486534759375 0.399176303125 0.472711059375 0.39021171250000003 0.4726190859375 0.39126283515625004 0.48622831250000004