0 0.59995086015625 0.24638816328125 0.59056560625 0.24550260468750001 0.5889141570312499 0.25139737265625 0.59736349296875 0.25234425 0.59995086015625 0.24638816328125
0 0.59046795703125 0.26799278671875004 0.583549171875 0.2675103046875 0.5812386484375 0.2758986734375 0.58696802734375 0.27637279765625 0.59046795703125 0.26799278671875004
0 0.5984946492187501 0.25431472109375003 0.61062718046875 0.2555390453125 0.61600761484375 0.24256115234375 0.6050604953125001 0.24137563593750003 0.60355361796875 0.24688285859375 0.6017198015624999 0.24648076093750002 0.5984946492187501 0.25431472109375003
0 0.697851215625 0.10526462031249999 0.68716859296875 0.10436689296874999 0.67850920546875 0.1402406984375 0.68761225 0.14105694062500002 0.697851215625 0.10526462031249999
0 0.63360754140625 0.15284811015625 0.6172956140625 0.15171849296875 0.614423225 0.16129175078125 0.63136920859375 0.16240340078124998 0.63360754140625 0.15284811015625
0 0.6253443562500001 0.17187296875 0.61490161640625 0.1711816 0.60957393515625 0.1924047375 0.620135428125 0.19322998671875 0.6253443562500001 0.17187296875
0 0.65213643828125 0.09895464765625 0.62440104140625 0.09748291015625 0.614529359375 0.15061221796875 0.638948834375 0.15215926171875 0.65213643828125 0.09895464765625
0 0.60011133125 0.2589606453125 0.58887766640625 0.25830985390625 0.5866693265625 0.26504959921875 0.59763879921875 0.2660596046875 0.60011133125 0.2589606453125
0 0.599405940625 0.2684612046875 0.5922166085937499 0.2678576375 0.58886792734375 0.27636710781249996 0.5954428554687501 0.27687597343750003 0.599405940625 0.2684612046875
0 0.61178161171875 0.20345312031249999 0.6007338625 0.20262534687499997 0.5968536015625 0.21741021093750001 0.6071125890625 0.21816725859375002 0.61178161171875 0.20345312031249999
0 0.60550047734375 0.22622654375 0.59786105 0.2257777375 0.59455390078125 0.23534868828125002 0.60209701328125 0.23623778046875002 0.60550047734375 0.22622654375
0 0.65034591953125 0.0602601171875 0.63630591953125 0.059392900000000005 0.63067222109375 0.092754984375 0.6447351109375 0.09360958281250001 0.65034591953125 0.0602601171875
0 0.58646627265625 0.27825700000000003 0.58012043671875 0.27778628203125 0.57797967421875 0.28473454062500003 0.5837326875 0.2854469828125 0.58646627265625 0.27825700000000003
0 0.65565650859375 0.01938261875 0.64574440390625 0.01849676484375 0.64207179609375 0.045733640625 0.6533202593749999 0.04614075859375 0.65565650859375 0.01938261875