0 0.5394375 0.415921875 0.53912369765625 0.42706770859375 0.5499570312500001 0.426859375 0.55051432265625 0.41466927109374996 0.5394375 0.415921875
0 0.77237239609375 0.4452109375 0.77012630234375 0.46168489609375 0.78947265625 0.470671875 0.7909700523437501 0.45444531250000003 0.77237239609375 0.4452109375
0 0.50118098984375 0.42158072890625 0.50123046875 0.42646614609375 0.50516927109375 0.426171875 0.505390625 0.42056510390625 0.50118098984375 0.42158072890625
0 0.50672395859375 0.420796875 0.50672395859375 0.42816927109374997 0.51475260390625 0.4276171875 0.5149270835937501 0.419546875 0.50672395859375 0.420796875
0 0.55291796875 0.41571354140625 0.55190755234375 0.427765625 0.56727213515625 0.42834895859375 0.56703125 0.41582552109375 0.55291796875 0.41571354140625
0 0.73605338515625 0.42598958359375 0.73555338515625 0.44021614609375004 0.75639713515625 0.44995312500000006 0.75801953125 0.43422656249999997 0.73605338515625 0.42598958359375
0 0.52473828125 0.41989322890625 0.5247734375 0.42665104140625 0.53762630234375 0.42630208359375 0.53766145859375 0.41905729140625 0.52473828125 0.41989322890625
0 0.51559244765625 0.41939583359375004 0.51559244765625 0.4273359375 0.52246614609375 0.42693489609375 0.5226276039062501 0.4185078125 0.51559244765625 0.41939583359375004
0 0.83959114609375 0.48979427109375007 0.8390898437500001 0.49673177109375005 0.84536067734375 0.50091145859375 0.8461119789062501 0.49263541640625 0.83959114609375 0.48979427109375007
0 0.5796718750000001 0.4165546875 0.57906901015625 0.42955468750000003 0.59285286484375 0.43027864609375 0.59339453125 0.41679427109375 0.5796718750000001 0.4165546875
0 0.2961875 0.47503645859375 0.29653645859375 0.47869270859375 0.30042578125 0.476953125 0.30010677109375 0.47317968749999995 0.2961875 0.47503645859375
0 0.5957421875 0.39934114609375004 0.595140625 0.41294270859375004 0.63419140625 0.4175546875 0.63534765625 0.40267447890624997 0.5957421875 0.39934114609375004
0 0.85468098984375 0.49857031249999995 0.8538033851562499 0.5061796875 0.8593203125000001 0.50927083359375 0.86015625 0.50241666640625 0.85468098984375 0.49857031249999995
0 0.68700260390625 0.40427083359375005 0.6853802085937499 0.42099739609375 0.71146484375 0.43023177109375005 0.71258854140625 0.41475520859375 0.68700260390625 0.40427083359375005
0 0.826796875 0.47932291640624997 0.82553125 0.48848177109375 0.8349205726562501 0.49486197890624994 0.83618489609375 0.48619531250000003 0.826796875 0.47932291640624997
0 0.79621223984375 0.46193489609375 0.79483854140625 0.47391666640625 0.81980078125 0.48664583359374997 0.82079947890625 0.47591406249999996 0.79621223984375 0.46193489609375
0 0.88030338515625 0.50826822890625 0.8798854164062501 0.51269791640625 0.88289583359375 0.51470572890625 0.8833138023437501 0.510359375 0.88030338515625 0.50826822890625
0 0.86592447890625 0.49982552109375 0.8653815101562501 0.5042552085937501 0.86931119765625 0.50684635390625 0.86947786484375 0.5019140625 0.86592447890625 0.49982552109375
0 0.48697395859375003 0.43556510390625 0.48701432265625 0.43988020859375 0.48943359375 0.43971875000000005 0.48939322890625 0.43512239609375003 0.48697395859375003 0.43556510390625