0 0.32726171875 0.46524739609375 0.32722265625 0.47396354140624997 0.3325859375 0.4742578125 0.33275390625 0.46638020859375 0.32726171875 0.46524739609375
0 0.34719140625 0.4694453125 0.34731380234375 0.47583593750000003 0.35494270859375 0.47621874999999997 0.35490755234375004 0.47091145859375 0.34719140625 0.4694453125
0 0.33441276015625 0.46494791640625 0.33453385390625 0.4536640625 0.32258723984375004 0.4514296875 0.32240625 0.46162760390625 0.3274140625 0.46186979140625006 0.327203125 0.46361979140625 0.33441276015625 0.46494791640625
0 0.041183593750000004 0.45461718749999996 0.04129166640625 0.46880729140625005 0.05841536484375 0.46446354140625 0.05780078125 0.44896874999999997 0.041183593750000004 0.45461718749999996
0 0.19421744765625 0.40512760390624997 0.19427083359375 0.41502604140625 0.22679947890625002 0.41555208359374995 0.22679947890625002 0.40710677109375004 0.19421744765625 0.40512760390624997
0 0.24156249999999999 0.45380208359375 0.24185807265624998 0.4688671875 0.25058333359375 0.46951822890625 0.25022135390625 0.45388020859375 0.24156249999999999 0.45380208359375
0 0.25910546874999996 0.45741927109375 0.25932291640625 0.46705729140625 0.27858333359375 0.4675546875 0.27847526015625 0.45778125000000003 0.25910546874999996 0.45741927109375
0 0.08647005234375 0.4664921875 0.08675911484375 0.4732265625 0.10580208359375001 0.47141406249999995 0.10554947890625 0.46453645859375003 0.08647005234375 0.4664921875
0 0.19225520859375 0.44799218749999997 0.19315625 0.473515625 0.24109635390625 0.471609375 0.24052604140625 0.44908593750000003 0.19225520859375 0.44799218749999997
0 0.33840755234375003 0.46252604140625 0.33872395859375 0.472875 0.34488151015625 0.47350260390625004 0.34490494765625 0.46332031249999994 0.33840755234375003 0.46252604140625
0 0.34689583359375 0.46122135390625 0.34693229140625 0.46788281249999997 0.35475130234374996 0.46918489609374997 0.3546796875 0.4631015625 0.34689583359375 0.46122135390625
0 0.026442708593749996 0.47923958359374996 0.026390625 0.48497395859375 0.03535807265625 0.4836171875 0.0353046875 0.47715364609375 0.026442708593749996 0.47923958359374996
0 0.28821354140625 0.46328385390625 0.28835807265625 0.47350000000000003 0.30178906250000004 0.47400000000000003 0.30164453125 0.46451562500000004 0.28821354140625 0.46328385390625
0 0.30892578125000003 0.46433072890625005 0.30913541640625 0.47136979140625 0.31789322890625 0.47241666640625 0.31808203125 0.465375 0.30892578125000003 0.46433072890625005
0 0.04009635390625 0.47058333359375004 0.04020572890625 0.48028125 0.0566796875 0.47704947890625 0.05678385390625 0.46683072890625 0.04009635390625 0.47058333359375004
0 0.1580546875 0.45754687499999996 0.15840234375 0.4704921875 0.18846093749999998 0.46878125 0.18810026015625 0.45581770859375004 0.1580546875 0.45754687499999996
0 0.35661979140625 0.47098177109375 0.35670703125 0.47684895859375 0.36304427109375 0.47737239609375 0.36321875000000003 0.47199479140625 0.35661979140625 0.47098177109375
0 0.06068880234375 0.47037500000000004 0.061006510156250006 0.4766328125 0.08118489609375 0.47372395859375 0.08122916640625 0.46651822890625 0.06068880234375 0.47037500000000004
0 0.12135156250000001 0.46109114609375 0.12135416640625 0.47028645859375 0.1458203125 0.46804687500000003 0.14528645859375 0.45773437499999997 0.12135156250000001 0.46109114609375