0 0.26306380234375004 0.46988802109375005 0.25911067734375004 0.46878906249999996 0.25932942734375 0.47801302109375 0.2627890625 0.47856249999999995 0.26306380234375004 0.46988802109375005
0 0.25870052109374997 0.46866666640625 0.24907942734375 0.46669010390625 0.24914583359375003 0.47709895859375007 0.25889843749999997 0.477890625 0.25870052109374997 0.46866666640625
0 0.28341015625 0.47301562500000005 0.27141796875 0.47051041640625 0.2719453125 0.47815364609375 0.28360807265625 0.479078125 0.28341015625 0.47301562500000005
0 0.32096223984375 0.47463541640624995 0.31978645859375 0.47425260390624996 0.31962760390625 0.47946354140625 0.32105729140625 0.4801640625 0.32096223984375 0.47463541640624995
0 0.27080598984375 0.470765625 0.26383203125 0.46988802109375005 0.26377734375 0.47889322890625 0.27047656249999996 0.47988020859375 0.27080598984375 0.470765625
0 0.7819700523437499 0.500953125 0.76952994765625 0.49976822890625006 0.7692851562499999 0.5062265625 0.7819700523437499 0.5079791664062501 0.7819700523437499 0.500953125
0 0.19458984375 0.46329166640624997 0.17835677109375 0.46066666640625 0.17770052109375 0.47050520859375 0.19475260390625 0.47378385390625005 0.19458984375 0.46329166640624997
0 0.238921875 0.46616145859375 0.22218359375 0.46434114609375 0.22138671875 0.4755 0.23880859375000002 0.47618229140625 0.238921875 0.46616145859375
0 0.24835546874999997 0.46603125 0.23952473984374997 0.46537239609375 0.23893229140625 0.47657291640625 0.24822395859375002 0.47696875 0.24835546874999997 0.46603125
0 0.08043098984375 0.47603385390625 0.065078125 0.47655989609375 0.06448437500000001 0.48631250000000004 0.08043098984375 0.48763020859374995 0.08043098984375 0.47603385390625
0 0.59034244765625 0.49143489609374996 0.57485677109375 0.49099479140625 0.57480208359375 0.4976953125 0.5908359375 0.4976953125 0.59034244765625 0.49143489609374996
0 0.325125 0.47571354140625 0.32115234375 0.47476041640625005 0.32115234375 0.47984635390625 0.32502994765625004 0.48086197890625 0.325125 0.47571354140625
0 0.04524348984375 0.478140625 0.034437499999999996 0.47801041640625 0.03423958359375 0.48683854140625 0.045572916406250004 0.48670833359375 0.04524348984375 0.478140625
0 0.22066015625 0.46460156250000006 0.200984375 0.46197916640625003 0.2004921875 0.47214583359375 0.22066015625 0.47444010390624997 0.22066015625 0.46460156250000006
0 0.30404817734375 0.47286979140624996 0.29649869765625 0.47030729140625 0.29636067734375 0.47607291640625 0.30436848984375 0.4787265625 0.30404817734375 0.47286979140624996
0 0.76529947890625 0.499609375 0.75317447890625 0.49895052109375 0.75284505234375 0.50409114609375 0.76523307265625 0.5060677085937499 0.76529947890625 0.499609375
0 0.17179817734375 0.4659140625 0.15015494765624998 0.4652578125 0.14999088515625 0.48526302109374997 0.1729453125 0.48526302109374997 0.17179817734375 0.4659140625
0 0.802125 0.5024947914062501 0.78290625 0.5015052085937499 0.78290625 0.50842447890625 0.80266927109375 0.50908854140625 0.802125 0.5024947914062501
0 0.046627603906249995 0.48025 0.04682552109375 0.48631250000000004 0.06448437500000001 0.48644270859375 0.06441927109375 0.48025 0.046627603906249995 0.48025