0 0.365176925 0.5471579976562501 0.36466130390624996 0.54314311171875 0.35679007890625003 0.5439944742187499 0.35777159921875 0.5486301671875 0.365176925 0.5471579976562501
0 0.57103158046875 0.5073561718749999 0.56985138046875 0.5004312343749999 0.5612744992187501 0.5039289835937499 0.5621587367187499 0.5092267265625 0.57103158046875 0.5073561718749999
0 0.4530508578125 0.52690596328125 0.45209160156249995 0.52262052109375 0.4460215234375 0.52295722578125 0.44674621875 0.5278360328125 0.4530508578125 0.52690596328125
0 0.53677209609375 0.51541424765625 0.535768159375 0.50867225859375 0.526361 0.5109332249999999 0.5272670703125 0.5178735421875 0.53677209609375 0.51541424765625
0 0.4194109140625 0.5355865078125001 0.41873870078125003 0.53115488359375 0.40780817734374997 0.53391185 0.40841867968749995 0.53859754765625 0.4194109140625 0.5355865078125001
0 0.56042351875 0.5090415687500001 0.55950820390625 0.50437359140625 0.5458698117187499 0.5081770140625 0.5470028796874999 0.512911228125 0.56042351875 0.5090415687500001
0 0.39042007734375 0.542959153125 0.38982917890625 0.5379243953125 0.38061191796875 0.53969314296875 0.38137424375 0.54452557421875 0.39042007734375 0.542959153125
0 0.5177729703125 0.5191299500000001 0.5169924124999999 0.51447476875 0.50581352109375 0.51625091796875 0.50662992421875 0.52137209296875 0.5177729703125 0.5191299500000001
0 0.4579899078125 0.52645143046875 0.45739883984374996 0.5218510249999999 0.4524813140625 0.5227068703125 0.453281903125 0.527372178125 0.4579899078125 0.52645143046875
0 0.35429168046875004 0.54919976328125 0.35346704375 0.5436643765625 0.344650540625 0.5446731437500001 0.34551186484374996 0.550899590625 0.35429168046875004 0.54919976328125
0 0.47171788281250004 0.52571652109375 0.47104592734375006 0.52042692890625 0.46483579218750004 0.5212905906249999 0.46551030234375 0.52617761171875 0.47171788281250004 0.52571652109375
0 0.5061880546874999 0.5217473734375 0.504919525 0.51638652421875 0.4939909390625 0.51811634140625 0.49502104921875 0.523521578125 0.5061880546874999 0.5217473734375