0 0.46699348984375 0.43234374999999997 0.46266666640625004 0.43279947890625003 0.46255208359375005 0.44077083359375 0.466765625 0.4412265625 0.46699348984375 0.43234374999999997
0 0.44381901015625 0.43871093749999995 0.43891666640624993 0.43839322890625 0.43978645859375 0.44661718749999996 0.44429296875 0.44551041640625 0.44381901015625 0.43871093749999995
0 0.82899088515625 0.52691927109375 0.82090755234375 0.52486979140625 0.81999609375 0.5355729164062499 0.8283085937499999 0.5410390625 0.82899088515625 0.52691927109375
0 0.73794401015625 0.48912760390625004 0.73157421875 0.48759114609375 0.730640625 0.49626562500000004 0.738 0.49615625 0.73794401015625 0.48912760390625004
0 0.48682421875 0.42911979140625 0.46845963515625 0.42584114609375 0.46731249999999996 0.44059895859375003 0.48715234374999994 0.44092708359375 0.48682421875 0.42911979140625
0 0.92115104140625 0.5170546875 0.89805989609375 0.51158854140625 0.89573697890625 0.5263463539062501 0.92074088515625 0.52853125 0.92115104140625 0.5170546875
0 0.95061848984375 0.5235390625 0.93535807265625 0.5200598960937499 0.93504166640625 0.53286979140625 0.95117317734375 0.53302864609375 0.95061848984375 0.5235390625
0 0.73003776015625 0.48484375 0.72196484375 0.48122135390625004 0.72042708359375 0.49187239609375 0.72959765625 0.4943984375 0.73003776015625 0.48484375
0 0.5622447914062499 0.424796875 0.5376510414062501 0.41577864609375004 0.5392903648437499 0.43326822890625005 0.56197265625 0.4379140625 0.5622447914062499 0.424796875
0 0.86622526015625 0.5077916664062501 0.84834895859375 0.50391927109375 0.84720963515625 0.51462239609375 0.8659973960937499 0.5194062500000001 0.86622526015625 0.5077916664062501
0 0.8653138023437499 0.5385338539062501 0.85187890625 0.53397916640625 0.8521054687499999 0.54878125 0.8646315101562501 0.5528802085937501 0.8653138023437499 0.5385338539062501