0 0.48934148750000006 0.56383022578125 0.49025456015625 0.552571478125 0.47922932578125 0.5518229359375 0.47801304218749996 0.564117571875 0.48934148750000006 0.56383022578125
0 0.25408012421875 0.5135404375 0.2572417078125 0.49705744531249996 0.23805145546875 0.48624351250000003 0.23566425078125 0.502542296875 0.25408012421875 0.5135404375
0 0.5285380617187501 0.56148830078125 0.5287481320312499 0.5565368265624999 0.52472791171875 0.5564859546875 0.52420404140625 0.5621439015624999 0.5285380617187501 0.56148830078125
0 0.5228608085937501 0.5617911109375 0.52325373125 0.55432564453125 0.51506167109375 0.554173603125 0.51445416015625 0.56233034296875 0.5228608085937501 0.5617911109375
0 0.4756249375 0.5628472273437499 0.47729455156249995 0.5507324890625 0.46170463671875 0.5487809546875 0.4612820875 0.56148382578125 0.4756249375 0.5628472273437499
0 0.28998083515625 0.5362212093750001 0.29124740625 0.52185933359375 0.27057473984375 0.5101533078125 0.268087096875 0.5259347101562499 0.28998083515625 0.5362212093750001
0 0.50449768203125 0.56111064140625 0.50482210625 0.554264403125 0.49173614062500004 0.5534793921875 0.49131427578125003 0.5608125296875001 0.50449768203125 0.56111064140625
0 0.51376964140625 0.56242436015625 0.5141928210937501 0.5543840195312499 0.5071830328125 0.554181321875 0.506569746875 0.56270048984375 0.51376964140625 0.56242436015625
0 0.18811569140625 0.46244073124999996 0.18899510390625002 0.45546005078125 0.18284237890625 0.45067219296875 0.18163745390625 0.4589861703125 0.18811569140625 0.46244073124999996
0 0.44846936406250004 0.5596258765625 0.44977514453125 0.54651515859375 0.43579983515625004 0.54456122890625 0.43453045703125 0.5581678578125 0.44846936406250004 0.5596258765625
0 0.739801709375 0.52551394921875 0.7396417937499999 0.5217806351562501 0.73559484765625 0.52319770390625 0.7357180703124999 0.5270470320312499 0.739801709375 0.52551394921875
0 0.43121343046874994 0.5756333828125 0.43254994843750005 0.5619133921875 0.3930932484375 0.55378447421875 0.39112463750000004 0.56875012421875 0.43121343046874994 0.5756333828125
0 0.17324174375 0.45221739609375 0.174539546875 0.44458968828125 0.16909529609375 0.44097088671874995 0.16788010390625 0.44783754374999996 0.17324174375 0.45221739609375
0 0.3386926953125 0.56255855390625 0.34123363515625 0.5457645273437499 0.31520583125 0.5341032671875 0.31323853203124996 0.54967568359375 0.3386926953125 0.56255855390625
0 0.20056539999999998 0.4741774625 0.2023402828125 0.46501508203124997 0.193134303125 0.45772271953125 0.1913869765625 0.46638681406250004 0.20056539999999998 0.4741774625
0 0.23073374453125 0.49449386484374996 0.23276895468749997 0.48248250234374995 0.20806853828125 0.46738174296875 0.20648120703125 0.4781605390625 0.23073374453125 0.49449386484374996
0 0.1477085984375 0.44012768359375 0.1483696296875 0.43567909453125003 0.14541598203125 0.433379303125 0.1447593921875 0.43774350703125 0.1477085984375 0.44012768359375
0 0.161877509375 0.44995051015625 0.1626656265625 0.44551299218749996 0.1588084546875 0.44254108359375 0.15837613281250001 0.44752088046875 0.161877509375 0.44995051015625
0 0.5437275140625 0.548585696875 0.5439164546875 0.54421254296875 0.5414482046875 0.544161765625 0.541244271875 0.54881971953125 0.5437275140625 0.548585696875