0 0.86119401015625 0.471578125 0.8535507812500001 0.469734375 0.85526432265625 0.47724479140625 0.86099739609375 0.47684895859375 0.86119401015625 0.471578125
0 0.5809609375 0.45771875 0.56226041640625 0.45771875 0.56192057265625 0.47131770859375 0.5823203125 0.47131770859375 0.5809609375 0.45771875
0 0.6935677085937499 0.443734375 0.66688671875 0.44515104140624995 0.665234375 0.45931770859375 0.694984375 0.4574296875 0.6935677085937499 0.443734375
0 0.85170572890625 0.4719609375 0.84531380234375 0.47011458359375 0.8452486976562501 0.47922135390625 0.85163932265625 0.4786953125 0.85170572890625 0.4719609375
0 0.5568203125 0.4611171875 0.54050130234375 0.46315885390625 0.54186067734375 0.4767578125 0.55954036484375 0.476078125 0.5568203125 0.4611171875
0 0.748578125 0.44754947890625 0.73152604140625 0.44492708359375 0.72923046875 0.46197916640625003 0.74825 0.46197916640625003 0.748578125 0.44754947890625
0 0.65933072890625 0.4512890625 0.63926171875 0.45034635390625005 0.63926171875 0.46545572890625 0.65933072890625 0.46262239609375 0.65933072890625 0.4512890625
0 0.837453125 0.463578125 0.82682682265625 0.46281770859375 0.82663671875 0.46870052109375004 0.8367890625 0.47040885390625 0.837453125 0.463578125
0 0.84428515625 0.46908072890624997 0.8384973960937501 0.46642447890625 0.83925651015625 0.47686197890625 0.8440013023437499 0.47629166640625 0.84428515625 0.46908072890624997
0 0.522140625 0.4781171875 0.51602083359375 0.4767578125 0.51874088515625 0.48763802109375 0.5214609375 0.48627864609375004 0.522140625 0.4781171875
0 0.53642057265625 0.47403645859375 0.52248046875 0.47403645859375 0.5262213539062499 0.48423697890625006 0.53778125 0.48627864609375004 0.53642057265625 0.47403645859375