0 0.5961953125 0.46571093750000003 0.59605859375 0.46299479140625 0.581046875 0.46489583359375003 0.5811484375 0.47250260390625 0.60220572890625 0.46930989609375 0.60115364609375 0.4674765625 0.5961953125 0.46571093750000003
0 0.59152473984375 0.49368749999999995 0.59152473984375 0.5031953125 0.63466145859375 0.5022656249999999 0.63447916640625 0.49239583359375 0.59152473984375 0.49368749999999995
0 0.3152890625 0.46435677109375 0.31505859375 0.46770833359374997 0.31998697890625 0.46916666640625 0.32023437499999996 0.46585937499999996 0.3152890625 0.46435677109375
0 0.11880338515625 0.44503645859374996 0.11862239609375 0.45473958359375005 0.13419010390625 0.45423177109374996 0.13426171874999998 0.44467447890624995 0.11880338515625 0.44503645859374996
0 0.228234375 0.45473697890625 0.22793229140625 0.46457291640625 0.24126822890625 0.46656510390625006 0.24169010390625 0.456546875 0.228234375 0.45473697890625
0 0.07954687499999999 0.45762760390625 0.07971484375 0.46684374999999995 0.10108333359374999 0.46573958359375 0.10021354140625001 0.4571953125 0.07954687499999999 0.45762760390625
0 0.146640625 0.44692708359375005 0.14653515625 0.45901302109375 0.1644921875 0.45959114609374996 0.16463671875000002 0.44822395859375 0.146640625 0.44692708359375005
0 0.29411718750000004 0.4539765625 0.29394401015625 0.46092708359375 0.30493489609375 0.46431510390625 0.30515234375 0.45788541640625 0.29411718750000004 0.4539765625
0 0.25825260390625 0.45322916640625 0.25813281250000003 0.45998697890624995 0.27279947890625 0.462890625 0.27306640625 0.45642708359375 0.25825260390625 0.45322916640625
0 0.17404166640625002 0.44545052109374994 0.17395572890625 0.46126562499999996 0.19363541640624998 0.46239583359375 0.19415755234375 0.44658072890625 0.17404166640625002 0.44545052109374994
0 0.30644401015625 0.45865625000000004 0.30661979140625 0.46589583359375003 0.31184895859375 0.46670052109375 0.31195052109375 0.46051562500000004 0.30644401015625 0.45865625000000004
0 0.28316927109375 0.4491953125 0.28299609375 0.45536458359375 0.29159765625 0.45823177109374996 0.29168489609375003 0.45232552109375 0.28316927109375 0.4491953125
0 0.1970703125 0.45057291640625 0.19684895859375 0.465 0.21001432265625 0.46621875 0.21005729140625 0.45196875 0.1970703125 0.45057291640625