0 0.66118229140625 0.442703125 0.66122526015625 0.44668489609375 0.66893619765625 0.447109375 0.66851302109375 0.44245052109375005 0.66118229140625 0.442703125
0 0.45752864609375 0.44863541640625 0.45788411484375 0.45554947890625 0.466578125 0.453515625 0.46632421874999996 0.44822916640625 0.45752864609375 0.44863541640625
0 0.57387760390625 0.44840364609375005 0.57431901015625 0.45271875 0.58022916640625 0.45335677109374994 0.58008203125 0.44850260390625 0.57387760390625 0.44840364609375005
0 0.49158463515625 0.44625520859375 0.49179036484375 0.45296354140624995 0.50114713515625 0.45226302109375 0.5010585937500001 0.44537760390625003 0.49158463515625 0.44625520859375
0 0.60740494765625 0.4453203125 0.60755208359375 0.44973177109374995 0.61843880234375 0.44879166640625 0.61838020859375 0.44414322890625 0.60740494765625 0.4453203125
0 0.46798177109375 0.44868489609375006 0.46833723984375003 0.45336458359375 0.48196223984375 0.45183854140625 0.48140364609375 0.44705989609375 0.46798177109375 0.44868489609375006
0 0.63628645859375 0.44276822890625 0.63628645859375 0.44775260390625 0.64540364609375 0.44749999999999995 0.64521484375 0.44268489609375 0.63628645859375 0.44276822890625
0 0.51038541640625 0.44566666640625 0.51061197890625 0.4503125 0.52162760390625 0.45036458359375003 0.52141927109375 0.44526041640624997 0.51038541640625 0.44566666640625
0 0.56904817734375 0.44805989609374997 0.5690976562500001 0.45262239609375 0.57395182265625 0.45257291640624997 0.57370703125 0.44791406250000004 0.56904817734375 0.44805989609374997
0 0.67194401015625 0.44245052109375005 0.6721132812499999 0.44795833359375 0.68075651015625 0.44838020859374994 0.68063020859375 0.4421953125 0.67194401015625 0.44245052109375005
0 0.5556848960937499 0.44659114609375 0.555734375 0.4518359375 0.56183984375 0.451984375 0.5617421874999999 0.44713020859375 0.5556848960937499 0.44659114609375
0 0.52188932265625 0.44496614609374996 0.5225078125 0.450375 0.5332760414062501 0.45043229140624996 0.53289322890625 0.44501822890625 0.52188932265625 0.44496614609374996