0 0.80102213515625 0.48442968750000004 0.80121614609375 0.4895625 0.8046757812499999 0.49057291640624995 0.80440364609375 0.48559635390624994 0.80102213515625 0.48442968750000004
0 0.7033333335937499 0.44600520859375 0.70258723984375 0.46181770859375 0.7294479164062501 0.46790885390625 0.73029036484375 0.45280989609375 0.7033333335937499 0.44600520859375
0 0.8522187499999999 0.4867265625 0.8521432289062499 0.49411458359375005 0.8586315101562499 0.497 0.8586874999999999 0.4897265625 0.8522187499999999 0.4867265625
0 0.28210546875000003 0.45907552109375 0.28247786484375 0.46504687499999997 0.29344270859375 0.46290104140625 0.29306901015625 0.45720833359375 0.28210546875000003 0.45907552109375
0 0.84353776015625 0.48226302109374997 0.84316276015625 0.49010156250000003 0.8502122398437499 0.49321354140624996 0.85025 0.48563802109375 0.84353776015625 0.48226302109374997
0 0.8701132812499999 0.49651822890624997 0.87014453125 0.50217447890625 0.8732539062500001 0.50339322890625 0.87330078125 0.49814322890625 0.8701132812499999 0.49651822890624997
0 0.81770833359375 0.47356770859374997 0.81738151015625 0.48508072890625 0.83220052109375 0.49020833359375005 0.83234375 0.48054687500000004 0.81770833359375 0.47356770859374997
0 0.76581901015625 0.46464322890625 0.76523697890625 0.4788984375 0.7830859375 0.48335937500000004 0.78331510390625 0.47002083359375 0.76581901015625 0.46464322890625
0 0.55663411484375 0.4562109375 0.5560130210937501 0.46598697890625 0.56767708359375 0.46701302109375 0.5680546875 0.45685937499999996 0.55663411484375 0.4562109375
0 0.8808997398437499 0.49893489609374997 0.8810039062499999 0.5027630210937499 0.8829960937499999 0.50370052109375 0.8832304687500001 0.5003671875 0.8808997398437499 0.49893489609374997
0 0.8398958335937501 0.49947656250000005 0.8404908851562499 0.48446354140625003 0.8331458335937499 0.48127864609375 0.8327408851562501 0.490890625 0.83365885390625 0.49380729140625 0.8334700523437499 0.49726302109375 0.8398958335937501 0.49947656250000005
0 0.5255859375 0.45380208359375 0.52509505234375 0.465796875 0.5343828125 0.46660677109375 0.53478776015625 0.45391666640625 0.5255859375 0.45380208359375
0 0.8736223960937499 0.49901822890625 0.873609375 0.5025078125 0.8770455726562499 0.50396614609375 0.8769557289062501 0.50029427109375 0.8736223960937499 0.49901822890625
0 0.80787109375 0.48180729140625 0.8076015625 0.49255468750000003 0.81675520859375 0.49503906249999996 0.8168359374999999 0.48418489609375 0.80787109375 0.48180729140625
0 0.65359244765625 0.44467968750000003 0.65471614609375 0.44693489609375003 0.657359375 0.44911197890625 0.65814192734375 0.436125 0.6442617187499999 0.43433593750000005 0.63570703125 0.43324739609374996 0.63523697890625 0.44584635390624994 0.65098697890625 0.44740104140625 0.65129817734375 0.44413541640625 0.65359244765625 0.44467968750000003
0 0.5051875 0.45591927109375 0.5049986976562499 0.46240104140625 0.51145182265625 0.46213020859375 0.51150651015625 0.455703125 0.5051875 0.45591927109375
0 0.6655898437500001 0.43792968749999994 0.66465625 0.4546328125 0.70053515625 0.46079166640624997 0.70104817734375 0.4447421875 0.6655898437500001 0.43792968749999994
0 0.85923567734375 0.49043749999999997 0.8588580726562499 0.49757291640625 0.86418359375 0.49936979140625004 0.86431380234375 0.49246875 0.85923567734375 0.49043749999999997
0 0.7315611976562499 0.45735937499999996 0.7309453125 0.46833072890625005 0.76297005234375 0.47751302109375005 0.76325 0.46698697890625 0.7315611976562499 0.45735937499999996
0 0.8646757812500001 0.49279947890625 0.86447265625 0.49992447890624997 0.86994140625 0.50217447890625 0.86994140625 0.49573697890624996 0.8646757812500001 0.49279947890625
0 0.5718216148437499 0.4487265625 0.57185416640625 0.45669791640625 0.63052994765625 0.46240104140625 0.6309843749999999 0.45203125 0.5718216148437499 0.4487265625
0 0.18742057265625 0.45625781249999997 0.18753776015625 0.46403385390625 0.20212239609375 0.46098958359375003 0.20157552109375 0.45221354140625003 0.18742057265625 0.45625781249999997
0 0.5153749999999999 0.45677864609374996 0.51521354140625 0.46471614609375 0.51942578125 0.46530468750000004 0.51923567734375 0.45699479140625004 0.5153749999999999 0.45677864609374996
0 0.79188541640625 0.48054166640625 0.7910677085937501 0.48652864609375 0.80001302109375 0.48908854140624997 0.8002825523437499 0.48365104140625004 0.79188541640625 0.48054166640625