0 0.71486328125 0.4659375 0.71435416640625 0.47737760390624995 0.73867447890625 0.47830989609375 0.73897005234375 0.46670052109375 0.71486328125 0.4659375
0 0.8064140625 0.48426041640625 0.79744010390625 0.48259375000000004 0.79388541640625 0.48278906250000003 0.79297786484375 0.48318229140625 0.79251302109375 0.49563802109375 0.79739192734375 0.49544010390625 0.80624348984375 0.49514583359375 0.8064140625 0.48426041640625
0 0.60780859375 0.47802604140625 0.604703125 0.47876041640624994 0.6037890625 0.47872395859375 0.60382421875 0.48656510390624996 0.61669661484375 0.48529947890624997 0.61673697890625 0.47659635390625 0.60780859375 0.47802604140625
0 0.60351171875 0.43790625 0.60365885390625 0.44634114609375003 0.6158203125 0.44035677109375 0.61584375 0.43069791640625 0.60351171875 0.43790625
0 0.8025208335937499 0.44865364609374997 0.79864713515625 0.44399479140625 0.7913893226562501 0.44022135390625 0.78665755234375 0.43811197890625 0.7863880210937501 0.44610416640625 0.7982057289062501 0.45174479140625 0.80203125 0.45552083359375006 0.8025208335937499 0.44865364609374997
0 0.67951302109375 0.467390625 0.679390625 0.486546875 0.70904166640625 0.48666927109375 0.70861458359375 0.46665625000000005 0.67951302109375 0.467390625
0 0.79571223984375 0.39190625 0.7908046875 0.3859765625 0.78748567734375 0.38308072890625 0.78730859375 0.38929427109375003 0.80129036484375 0.40610156249999996 0.80111979140625 0.400234375 0.79571223984375 0.39190625
0 0.64731901015625 0.46842187500000004 0.64711328125 0.4816015625 0.67498177109375 0.48075520859375 0.67508854140625 0.466703125 0.64731901015625 0.46842187500000004
0 0.6371757812500001 0.47012760390624997 0.62978776015625 0.471 0.62963802109375 0.48242708359375 0.6466796875 0.48111979140625005 0.64678385390625 0.46869791640624997 0.6371757812500001 0.47012760390624997
0 0.7441015625 0.47802083359375 0.7472460937500001 0.49503906249999996 0.77273828125 0.49482552109375 0.7727031249999999 0.48105729140625 0.7441015625 0.47802083359375
0 0.5948658851562499 0.44344791640625003 0.59288020859375 0.44550520859375 0.59339453125 0.45188020859375 0.6016328125 0.44707552109375 0.60136328125 0.43888541640625 0.5948658851562499 0.44344791640625003
0 0.7741015625000001 0.48104166640625 0.77395833359375 0.48958333359374995 0.79241666640625 0.48947916640625 0.79258854140625 0.48226822890625 0.7741015625000001 0.48104166640625
0 0.573390625 0.45496614609375 0.57343880234375 0.45957552109375 0.58538020859375 0.45864322890625 0.58518359375 0.45359375 0.573390625 0.45496614609375