0 0.25091145859375 0.44471875 0.25091145859375 0.4576328125 0.26404557265625 0.4607421875 0.26439973984375 0.44781770859375003 0.25091145859375 0.44471875
0 0.3021171875 0.45704427109375 0.30159244765625004 0.46201041640625 0.3103515625 0.46484375 0.31065885390625 0.46025260390625 0.3021171875 0.45704427109375
0 0.01876171875 0.48019531249999997 0.01858984375 0.48701041640625 0.03212369765625 0.48647135390624996 0.0323203125 0.47985156250000005 0.01876171875 0.48019531249999997
0 0.33419270859375 0.46580729140625 0.33436197890625 0.46942708359375 0.337109375 0.47059895859375 0.33701302109375 0.467109375 0.33419270859375 0.46580729140625
0 0.32255859375 0.45876822890625 0.32204817734375 0.46415104140625 0.32827994765625 0.46605729140624996 0.32860286484375 0.46200520859375 0.32255859375 0.45876822890625
0 0.00524609375 0.4711484375 0.00502604140625 0.47654166640625 0.01527473984375 0.47634635390625 0.0150546875 0.46962760390625 0.00524609375 0.4711484375
0 0.22114973984375 0.43813541640625 0.20337239609375 0.43494791640625 0.20369791640625 0.44322916640625004 0.21781510390625 0.44671874999999994 0.22083072890625002 0.44755208359375 0.22114973984375 0.43813541640625
0 0.31629427109375 0.45468229140625 0.31620703125 0.45921093749999997 0.32044661484375003 0.46159635390625003 0.32065104140625 0.45716927109374994 0.31629427109375 0.45468229140625
0 0.28624088515625 0.45766145859374996 0.28612109375 0.46379166640624997 0.29245572890625 0.46549479140625005 0.2927109375 0.45922916640624994 0.28624088515625 0.45766145859374996
0 0.012764322656249999 0.44692708359375005 0.013138021093749999 0.46157552109375005 0.0276484375 0.45821614609375 0.0275078125 0.44244791640625003 0.012764322656249999 0.44692708359375005
0 0.23022135390625 0.44259895859375 0.22992708359375 0.45348437500000005 0.24240755234375003 0.45603385390625 0.24223567734375 0.44485416640625 0.23022135390625 0.44259895859375
0 0.3294765625 0.46175520859374997 0.32958072890625 0.46719791640624997 0.333046875 0.46861979140625004 0.33300520859375 0.46352604140625 0.3294765625 0.46175520859374997
0 0.17071354140625 0.44045833359375 0.1706328125 0.45189843749999997 0.20999348984375002 0.45588020859375 0.20990364609375 0.44537239609375 0.17071354140625 0.44045833359375