0 0.35057730781249996 0.53701419140625 0.35159260625 0.5228223625 0.31434326953124997 0.5150152875 0.31393221250000003 0.53106221875 0.35057730781249996 0.53701419140625
0 0.16764083984375 0.48637228671875 0.16795926953125 0.48013935625000004 0.16235064921875 0.47830709687499995 0.16253456718749998 0.4845396796875 0.16764083984375 0.48637228671875
0 0.4527794703125 0.52766188515625 0.4534209921875 0.51208648671875 0.43007874609375 0.51142560625 0.42983808124999995 0.52890187578125 0.4527794703125 0.52766188515625
0 0.27175796874999997 0.5282264039062501 0.27298745234375 0.51419685234375 0.2491066453125 0.5063725367187499 0.24820787187499999 0.5200304835937499 0.27175796874999997 0.5282264039062501
0 0.24217043984375 0.518855759375 0.24304445859374998 0.50445535234375 0.22174097499999998 0.49751174296875 0.22069957578125 0.5097989578125001 0.24217043984375 0.518855759375
0 0.37982016484375 0.52243818984375 0.38121683125 0.50637119921875 0.3587250234375 0.50357931796875 0.35801144375 0.5206220671875 0.37982016484375 0.52243818984375
0 0.20364058828124998 0.50295554609375 0.20410381171875 0.49168585546875 0.1891514875 0.48617880859374996 0.188486234375 0.49652904609375004 0.20364058828124998 0.50295554609375
0 0.178872946875 0.49111992890625 0.179146525 0.48324160078125 0.17013350703125002 0.48074290078125 0.17021309609375 0.48742754765624996 0.178872946875 0.49111992890625
0 0.21925937890624997 0.50909252109375 0.22007725546875 0.49662630703125005 0.20482722890625 0.49194896796875 0.20416677499999997 0.50368078984375 0.21925937890624997 0.50909252109375
0 0.16038733359375 0.48933852109375 0.1603127078125 0.48402982890625 0.156523775 0.48244712890625 0.1562969484375 0.48711950625 0.16038733359375 0.48933852109375
0 0.18765710859375 0.49517032656250004 0.18784215390625 0.48565299140624996 0.180073775 0.4827666953125 0.17956839921875 0.492298078125 0.18765710859375 0.49517032656250004
0 0.47849948906249995 0.5237028007812501 0.47899424140624997 0.5145374234375 0.4589570625 0.51404945859375 0.45855748828125 0.523899784375 0.47849948906249995 0.5237028007812501
0 0.519163734375 0.5244179625000001 0.51999212734375 0.515553471875 0.5035253109375 0.51538010859375 0.5026831453125 0.52592760703125 0.519163734375 0.5244179625000001
0 0.29787764765625 0.4990413546875 0.29625206953125 0.51917575078125 0.3004269609375 0.5187734625 0.30119962265625 0.52425285 0.3005239703125 0.5267916351562499 0.3039487640625 0.52772223359375 0.30524884765625 0.49990008515625 0.29787764765625 0.4990413546875
0 0.53046729609375 0.5165520570312501 0.5226799515625 0.51726799921875 0.5222166257812499 0.52496392421875 0.5267335109375 0.52409134375 0.53020310859375 0.52381677109375 0.53046729609375 0.5165520570312501
0 0.50096658046875 0.52560589453125 0.50157116484375 0.5145419648437499 0.4863915484375 0.5143517078125 0.48591567421875004 0.5274591531249999 0.50096658046875 0.52560589453125
0 0.5491025921875 0.51119456796875 0.54941363984375 0.5059410359375 0.53765978046875 0.50577806875 0.5375248921875 0.5113436859375 0.5491025921875 0.51119456796875
0 0.2940942578125 0.5180063070312501 0.29531753437499997 0.49853460859375 0.27797750078125 0.49378409453125 0.27531219453125 0.5214106390625 0.2818333546875 0.52327476875 0.2892013671875 0.52424330078125 0.28984678750000004 0.5170901031249999 0.29107135781250004 0.5145417140624999 0.2940942578125 0.5180063070312501
0 0.15537918515625 0.485672290625 0.15578469140625 0.48117688203125003 0.15181446484375 0.47950730625000004 0.15141044374999998 0.483999875 0.15537918515625 0.485672290625
0 0.42326951640625 0.52054951796875 0.4241622234375 0.50946929140625 0.39492118828125 0.5062411499999999 0.39419726171875 0.5180810140625 0.42326951640625 0.52054951796875