0 0.59057682265625 0.37062760390625 0.5896979164062499 0.38591406250000004 0.6099921875 0.39294270859374997 0.61043229140625 0.37853385390625 0.59057682265625 0.37062760390625
0 0.7604765625 0.47220572890624996 0.75996484375 0.48421354140624995 0.78017057265625 0.49094791640624996 0.78082942734375 0.48143229140625 0.7604765625 0.47220572890624996
0 0.76504296875 0.415328125 0.76367578125 0.42807812500000003 0.7846223960937501 0.44143229140624995 0.7856888023437499 0.42990104140624996 0.76504296875 0.415328125
0 0.73392057265625 0.3974140625 0.73225130234375 0.41077343749999995 0.7598815101562499 0.42473958359374997 0.76079166640625 0.4128984375 0.73392057265625 0.3974140625
0 0.80396484375 0.49153385390625 0.80330598984375 0.49929427109375 0.8176549476562499 0.5038333335937499 0.81802083359375 0.49578125 0.80396484375 0.49153385390625
0 0.55116536484375 0.43303906249999996 0.55019921875 0.439890625 0.55802604140625 0.44006770859375 0.5579388023437499 0.43198437500000003 0.55116536484375 0.43303906249999996
0 0.608578125 0.44810677109375 0.60812109375 0.45959635390625 0.621390625 0.46091927109375 0.62184765625 0.44983593749999995 0.608578125 0.44810677109375
0 0.608375 0.43468489609375 0.60832421875 0.44637760390625003 0.62210286484375 0.44871614609375 0.62266145859375 0.4379375 0.608375 0.43468489609375
0 0.56683723984375 0.36777604140625 0.56643098984375 0.3775390625 0.58986848984375 0.384859375 0.58986848984375 0.37520052109375 0.56683723984375 0.36777604140625
0 0.78397786484375 0.4833359375 0.78361197890625 0.49343750000000003 0.79627734375 0.49812500000000004 0.79686328125 0.4883125 0.78397786484375 0.4833359375
0 0.5663203125 0.43041666640625 0.5659388023437499 0.44075520859374995 0.5817421875 0.44304166640625003 0.5826328125 0.43245052109375 0.5663203125 0.43041666640625
0 0.8208346351562501 0.49678385390625 0.8203046875 0.503375 0.82542447890625 0.506140625 0.8257473960937499 0.4987265625 0.8208346351562501 0.49678385390625
0 0.5493984375000001 0.39057291640625 0.54960286484375 0.40053906250000004 0.56190625 0.39088020859375 0.5622109375 0.37928645859375 0.5493984375000001 0.39057291640625