0 0.51013671875 0.43676302109375 0.501140625 0.43630729140625 0.50136848984375 0.44609895859375 0.51047786484375 0.44746614609375 0.51013671875 0.43676302109375
0 0.72945963515625 0.42428645859375 0.7131289062499999 0.42350000000000004 0.7133255210937499 0.434125 0.72985286484375 0.43688020859375004 0.72945963515625 0.42428645859375
0 0.74441276015625 0.40067447890625 0.69837239609375 0.395953125 0.69738802109375 0.4183828125 0.74421614609375 0.42389322890625003 0.74441276015625 0.40067447890625
0 0.77225390625 0.4420078125 0.75618619765625 0.43446614609375 0.75520182265625 0.44692708359375005 0.77274609375 0.45446875000000003 0.77225390625 0.4420078125
0 0.87641666640625 0.51389322890625 0.8712916664062501 0.51025 0.87049479140625 0.519359375 0.8768710937499999 0.52118229140625 0.87641666640625 0.51389322890625
0 0.54736979140625 0.43243489609374997 0.52459765625 0.42901822890624997 0.5243697914062501 0.44268229140625 0.54862239609375 0.44587239609375 0.54736979140625 0.43243489609374997
0 0.84202864609375 0.5009140624999999 0.8203945312500001 0.4918046875 0.8189140625 0.50136979140625 0.8419153648437501 0.5100234375 0.84202864609375 0.5009140624999999
0 0.88678385390625 0.5104921874999999 0.87737369765625 0.50305989609375 0.8761093750000001 0.51318229140625 0.8869414062500001 0.51650260390625 0.88678385390625 0.5104921874999999
0 0.49294270859375 0.44177083359375 0.48679427109375 0.442 0.48622526015625 0.44655468750000005 0.49305729140625 0.44723697890625 0.49294270859375 0.44177083359375
0 0.7487421875 0.3628984375 0.7131289062499999 0.36250520859375 0.70702864609375 0.39201822890625004 0.75011979140625 0.39359375 0.7487421875 0.3628984375
0 0.6833606773437501 0.48909895859374997 0.68349739609375 0.48363281249999995 0.6718828125 0.48090104140624995 0.67010677109375 0.47953385390625 0.66942447890625 0.48527343749999996 0.6833606773437501 0.48909895859374997