0 0.52380788671875 0.87398382109375 0.52968571953125 0.87338775 0.52751421875 0.8565013273437501 0.516445890625 0.8579871984375 0.5187767828125 0.8745772921875 0.52380788671875 0.87398382109375
0 0.49651206171875 0.96795681875 0.49669315859375 0.97795020703125 0.5058066390625 0.97752573984375 0.5052677234375 0.966579528125 0.49651206171875 0.96795681875
0 0.52136626484375 0.8974381507812501 0.5289825828125 0.89678633671875 0.5260683109375 0.87790951328125 0.51878532265625 0.8789118218749999 0.52136626484375 0.8974381507812501
0 0.48457011406249995 0.90157540390625 0.49226952578125005 0.90065921796875 0.48958457031249997 0.88194262265625 0.48182288359375003 0.882860915625 0.48457011406249995 0.90157540390625
0 0.48908883437500006 0.91125926640625 0.4943780796875 0.90956009609375 0.49301702968749994 0.90374959453125 0.4849280328125 0.90493342421875 0.486230771875 0.9092955445312499 0.48908883437500006 0.91125926640625
0 0.51393156015625 0.843487428125 0.521250571875 0.8427810546875 0.52023598515625 0.8339520046875 0.5131355328125 0.83524928125 0.51393156015625 0.843487428125
0 0.51214721171875 0.8272673554687501 0.5193471070312501 0.826171640625 0.51808569453125 0.8156635289062499 0.5111656546875001 0.81658378984375 0.51214721171875 0.8272673554687501
0 0.4799865625 0.8616980554687499 0.48053644687499997 0.8726669875 0.48119933671875004 0.8800089710937501 0.488969696875 0.8790261226562499 0.48821638046875 0.8663060679687501 0.48726663124999997 0.86080038828125 0.4799865625 0.8616980554687499
0 0.516588021875 0.8538139164062499 0.52318660859375 0.8532006234375 0.5222015882812501 0.8480887460937501 0.51477092734375 0.848933575 0.516588021875 0.8538139164062499
0 0.5119429265625 0.81616659765625 0.51776081328125 0.8153528539062499 0.51678259765625 0.8069674242187499 0.5109591390625 0.80767194609375 0.5119429265625 0.81616659765625
0 0.5348573265625001 0.9711428359375001 0.5400524328125 0.9705642828125001 0.538960140625 0.96235685234375 0.533439478125 0.96311674453125 0.5348573265625001 0.9711428359375001
0 0.5394887500000001 0.9757930531250001 0.53899155 0.97117898671875 0.533721453125 0.9719140476562499 0.5341254320312501 0.9762067710937499 0.5363682226562501 0.9761023109375 0.5394887500000001 0.9757930531250001