0 0.33990689765625 0.458232853125 0.356557465625 0.46256811015625 0.36850623359375 0.44180216093749997 0.352731040625 0.43814280390624993 0.33990689765625 0.458232853125
0 0.4869985359375 0.29380241875 0.5001149421875 0.29701137734375 0.5117213070312501 0.27627793359375 0.50137971796875 0.27345641875000004 0.4869985359375 0.29380241875
0 0.42531420937500003 0.27624662187500004 0.43907045546875 0.28055978984375 0.45811994140624995 0.26047056640625 0.44564335078125 0.25675671640625 0.42531420937500003 0.27624662187500004
0 0.39913305390625 0.30651989453125 0.41349766796875 0.31129951796875 0.43460723906250004 0.28399609921875 0.42175699765625 0.28038576015625 0.39913305390625 0.30651989453125
0 0.5173015249999999 0.2502436484375 0.52571034765625 0.25267834843750003 0.53368460703125 0.2379010171875 0.52489385 0.235724178125 0.5173015249999999 0.2502436484375
0 0.40045791796875 0.5153227031250001 0.4078022109375 0.5178949984375001 0.409620515625 0.5093279015625 0.40070136874999995 0.50764241796875 0.40045791796875 0.5153227031250001
0 0.42895748203124995 0.45551411015625 0.4415145765625 0.45854873046875 0.44572346328125 0.44424952500000003 0.43361371562500006 0.4413044359375 0.42895748203124995 0.45551411015625
0 0.41413570312500003 0.4527795390625 0.42700072890624996 0.4554122234375 0.43243357578125 0.44077703671875 0.42068040234375 0.43778741875 0.41413570312500003 0.4527795390625
0 0.33184320234375 0.48370770703125 0.34250960546875 0.48630598671875 0.35543146171875 0.46214812109375 0.34479550625 0.46001949609375004 0.33184320234375 0.48370770703125
0 0.50412893515625 0.27041402578125 0.5151764984375 0.2730425296875 0.522965028125 0.26014913671875 0.512281409375 0.25734237421875 0.50412893515625 0.27041402578125
0 0.4007134203125 0.49808088515625004 0.41201869609374997 0.50077879609375 0.41781412656250005 0.48390579375 0.40633628593750004 0.48059240703125 0.4007134203125 0.49808088515625004
0 0.5265814703125 0.23285116640624998 0.533729471875 0.23488644140625 0.53783673203125 0.2298663734375 0.52973962734375 0.22787738906250002 0.5265814703125 0.23285116640624998
0 0.35332937578125 0.50790684296875 0.364346109375 0.50987840703125 0.35626191328125 0.49422137578124997 0.34355851875 0.49133131328125 0.35332937578125 0.50790684296875