0 0.22219401015625 0.47338541640625 0.22226171875 0.47963541640624996 0.23289322890625003 0.47848177109375 0.23255338515625001 0.47243489609375 0.22219401015625 0.47338541640625
0 0.20048307265625 0.47580989609374996 0.19640755234375 0.47609375 0.19669010390625 0.4806796875 0.20136067734375002 0.48062239609375 0.20096354140625 0.47869791640625003 0.20048307265625 0.47580989609374996
0 0.15619791640625 0.47945312500000004 0.15610677109374999 0.48338541640625 0.16218749999999998 0.48270833359375 0.162421875 0.47903645859375 0.15619791640625 0.47945312500000004
0 0.29386718749999996 0.43430208359375 0.29379947890625 0.43946354140625 0.30517708359375 0.44170572890625 0.30527994765625 0.43654166640625 0.29386718749999996 0.43430208359375
0 0.18627734375 0.45277864609374996 0.18647526015625 0.45696614609374997 0.19445703125 0.45555208359375 0.19425911484375 0.45045572890625 0.18627734375 0.45277864609374996
0 0.24865234374999998 0.47175520859375003 0.24848177109375 0.48024739609375 0.26172786484375 0.47895572890624993 0.26138802109375 0.471078125 0.24865234374999998 0.47175520859375003
0 0.29762239609374996 0.47427343750000006 0.29782291640624997 0.47834895859375 0.31021223984375 0.479 0.30992708359375 0.47403645859375 0.29762239609374996 0.47427343750000006
0 0.28939453125000003 0.4758828125 0.28933723984375004 0.47373177109375 0.28144140625 0.4735078125 0.28135546875 0.48261979140625 0.29029947890624996 0.48245052109375 0.29007291640625 0.47950781249999996 0.28939453125000003 0.4758828125
0 0.15638932265625 0.45569791640624996 0.15642317734375 0.4593671875 0.16562760390625 0.45909374999999997 0.16559375 0.45495052109375 0.15638932265625 0.45569791640624996
0 0.30592057265625 0.44758072890625 0.30587369765625 0.45276822890624996 0.31993098984375 0.45508072890625 0.31962369765625 0.45059895859375 0.30592057265625 0.44758072890625
0 0.26478385390625003 0.46822395859375004 0.26471614609375 0.47427083359375005 0.27320703125 0.47379427109375005 0.27300390625 0.46822395859375004 0.26478385390625003 0.46822395859375004
0 0.19612760390625 0.4496640625 0.19629687499999998 0.45504166640625004 0.20674088515625 0.45300260390625 0.20662760390625 0.44734375000000004 0.19612760390625 0.4496640625
0 0.23350390625 0.4723671875 0.23340234375 0.47848177109375 0.24671614609375 0.47739322890624997 0.24661458359375002 0.47155208359375 0.23350390625 0.4723671875
0 0.21298958359375 0.47494791640624995 0.21302343750000002 0.47977083359375 0.21798307265625 0.47936458359375 0.2177109375 0.4739296875 0.21298958359375 0.47494791640624995