0 0.76781193046875 0.44884420859374996 0.7669611140625 0.46008948046875 0.79984689609375 0.46591928984375003 0.8003061578124999 0.45174967265625005 0.76781193046875 0.44884420859374996
0 0.0282166640625 0.5360026140625 0.0292734203125 0.54719090390625 0.05849080078125 0.53785024921875 0.057479165624999995 0.527628659375 0.0282166640625 0.5360026140625
0 0.1433146265625 0.511290190625 0.14457375390625 0.5209136601562501 0.15256412421875 0.51851770078125 0.15119468593750002 0.50943753671875 0.1433146265625 0.511290190625
0 0.71519064765625 0.444883078125 0.71463129296875 0.4525482453125 0.72488726328125 0.4539290859375 0.7249277859375 0.44497271875 0.71519064765625 0.444883078125
0 0.8662510921875001 0.47869220781250005 0.8562560414062499 0.46761236093749997 0.8467649640625 0.4568659140625 0.84665970703125 0.4716439375 0.85944883359375 0.48230136171875 0.8653139218750001 0.48741882734375 0.8662510921875001 0.47869220781250005
0 0.28362296015625 0.44237157890625 0.28486406875000003 0.45085328046875006 0.29287309296875 0.44885696328125 0.29168155546875 0.44071063359374996 0.28362296015625 0.44237157890625
0 0.39802500234375 0.44286143828125 0.39926148125 0.4512730203125 0.40998089687499994 0.44586962265625 0.40878566015624995 0.43543498203125 0.39802500234375 0.44286143828125
0 0.8737666125000001 0.48777747890625 0.87350001796875 0.49648288437500004 0.879857784375 0.5015173875000001 0.8803382789062499 0.49512747578124994 0.8737666125000001 0.48777747890625
0 0.26340148124999996 0.4508905203125 0.26447000234375 0.45715700234375 0.276809715625 0.45245978750000004 0.27567599453125 0.44552309843750004 0.26340148124999996 0.4508905203125
0 0.7283521171875 0.44628125 0.72779820546875 0.45516752968749996 0.7411164109375 0.455534634375 0.740925803125 0.445986378125 0.7283521171875 0.44628125
0 0.74598069609375 0.44729085 0.74582779296875 0.45604856953125 0.7634285390625 0.45756640937500004 0.763317690625 0.4486224296875 0.74598069609375 0.44729085
0 0.41556522890625003 0.43459520312500005 0.41684746640625 0.44529511484375 0.43856541328125004 0.43770694062500004 0.437294215625 0.42491819296875005 0.41556522890625003 0.43459520312500005
0 0.69356801796875 0.44715951640625 0.69330519765625 0.45257404765625 0.6989296484375 0.4525068859375 0.69911955078125 0.44709972656249997 0.69356801796875 0.44715951640625
0 0.01005990234375 0.57300314765625 0.010998171875 0.58435609921875 0.04184671171875 0.5791226078125 0.0405269390625 0.5670953015625 0.01005990234375 0.57300314765625
0 0.72098536875 0.48700640078125 0.720234859375 0.49441295468749996 0.73676224921875 0.50374528671875 0.73710684453125 0.49485072656250007 0.72098536875 0.48700640078125
0 0.0770186171875 0.52443730546875 0.07791937421875 0.53437619140625 0.09063068046875 0.5327860578125 0.08939494296875 0.52296609140625 0.0770186171875 0.52443730546875
0 0.1021871 0.52185828828125 0.10392196093749999 0.53152987890625 0.11458627890624999 0.530032725 0.1124876234375 0.5213160679687501 0.1021871 0.52185828828125
0 0.8146045671875 0.45239263984375 0.8135240414062499 0.46723302734375 0.8453502328125 0.47044662734375003 0.84584071953125 0.45735293359374996 0.8146045671875 0.45239263984375
0 0 0.55539965 0.00987454140625 0.5531032773437501 0.008601664843749999 0.5405692195312499 0 0.542758834375 0 0.55539965