0 0.49763151015625 0.43380989609375 0.49755078125 0.44190104140625 0.5102994789062499 0.44259635390624996 0.5106067710937501 0.43180729140625 0.49763151015625 0.43380989609375
0 0.50771744765625 0.42354427109375 0.50782161484375 0.43041927109375006 0.51366666640625 0.4299765625 0.51362890625 0.42182552109375004 0.50771744765625 0.42354427109375
0 0.49985677109375004 0.425390625 0.49990885390625 0.43111979140625 0.504765625 0.430859375 0.50463541640625 0.42411458359375 0.49985677109375004 0.425390625
0 0.74575260390625 0.46067447890624996 0.75202213515625 0.4585859375 0.75573697890625 0.47158854140625 0.7601484375 0.47112239609374995 0.76374739609375 0.4569609375 0.7295 0.44047395859374994 0.72810677109375 0.44999479140625 0.72404296875 0.45835416640625004 0.74517317734375 0.4685703125 0.74575260390625 0.46067447890624996
0 0.87567708359375 0.5161640625 0.8753033851562501 0.52502864609375 0.88038932265625 0.52660416640625 0.88080859375 0.5178333335937501 0.87567708359375 0.5161640625
0 0.6365833335937501 0.4120078125 0.6355104164062501 0.4286171875 0.64908723984375 0.43123177109375 0.6503463539062501 0.41415364609375 0.6365833335937501 0.4120078125
0 0.85603385390625 0.50467708359375 0.85575390625 0.51896354140625 0.8690976562499999 0.5226953125 0.86919140625 0.5094453125 0.85603385390625 0.50467708359375
0 0.549796875 0.40679166640625003 0.54992447890625 0.42255208359375 0.56865104140625 0.4219609375 0.56793098984375 0.40526822890625 0.549796875 0.40679166640625003
0 0.49052213515625 0.435078125 0.49039973984375 0.44202343749999995 0.49616145859375005 0.442390625 0.49636588515625 0.43442447890624997 0.49052213515625 0.435078125
0 0.717078125 0.43490104140624997 0.69083984375 0.42398958359375005 0.68828645859375 0.44744010390625 0.71998046875 0.45811979140625 0.72125651015625 0.44674479140625 0.717078125 0.43490104140624997
0 0.57266666640625 0.40852604140625 0.57325130234375 0.42097395859375003 0.5968255210937501 0.4202421875 0.5982903648437501 0.40559895859374995 0.57266666640625 0.40852604140625