0 0.45357086015625 0.132026634375 0.45372941953124996 0.14029702421875 0.46071135078125 0.13880695078125 0.45976985234375 0.13076308515625 0.45357086015625 0.132026634375
0 0.43716729921875 0.1513954984375 0.43485463125 0.1755557328125 0.44526626484375004 0.17921890000000001 0.4467245125 0.1493096296875 0.43716729921875 0.1513954984375
0 0.32255448828125 0.21522730859375 0.3113747375 0.24725462343750002 0.3350659015625 0.243087109375 0.3435213578125 0.2106228609375 0.32255448828125 0.21522730859375
0 0.446721690625 0.1334883328125 0.44727371328125 0.14167852265625 0.452728396875 0.1397030796875 0.45215478984375 0.13264732968749998 0.446721690625 0.1334883328125
0 0.419759790625 0.26585297890625 0.42423105234375 0.33700165625 0.44409887421875 0.33476974843749996 0.4366918234375 0.2610800390625 0.419759790625 0.26585297890625
0 0.4061852640625 0.126308359375 0.4073836328125 0.132675025 0.41516138593749996 0.13232996328125 0.41432031015625004 0.12396244687499999 0.4061852640625 0.126308359375
0 0.38916903203125003 0.15690957187500001 0.37853563515625 0.189928 0.38961003359375 0.18904747578125 0.401801109375 0.15488599765625 0.38916903203125003 0.15690957187500001
0 0.283719521875 0.2628834859375 0.27311700703124997 0.30131482265625 0.29666368046875 0.31107979453125 0.30625900234375003 0.2568612625 0.283719521875 0.2628834859375
0 0.41761001640625006 0.20110716015625002 0.41387257578125 0.2250078796875 0.4245513359375 0.22296902421875 0.4272079515625 0.19942641875 0.41761001640625006 0.20110716015625002
0 0.383017203125 0.195625446875 0.3733199 0.23795669140625 0.3967365953125 0.23497384999999998 0.4043042484375 0.19087305000000002 0.383017203125 0.195625446875
0 0.46345134765624996 0.47359731796875 0.47431716718750006 0.47376335078125004 0.47204283828125 0.46312077734374996 0.467659025 0.45548588203125 0.45858204375 0.45713787109375004 0.46345134765624996 0.47359731796875
0 0.35815031796875 0.345843196875 0.35667752578125 0.277885575 0.3377293125 0.28257336015625 0.33886576796875 0.34051842734375 0.343237071875 0.35070076015625 0.34607265234375 0.3522713 0.35815031796875 0.345843196875
0 0.37803831953125 0.1627587875 0.36395486640625 0.186426896875 0.37572542109375 0.18416549921875 0.38540673203125003 0.16111906484375 0.37803831953125 0.1627587875