0 0.41142041796875006 0.8781646257812501 0.403873771875 0.8768711375 0.3991118453125 0.88475707578125 0.4051741890625 0.8855931023437501 0.41142041796875006 0.8781646257812501
0 0.52774667890625 0.0066608890625 0.5285143828125001 0.02844851953125 0.5407178234375001 0.02953373359375 0.53965469921875 0.00784609765625 0.52774667890625 0.0066608890625
0 0.58385130078125 0.31259134609375 0.5755672046875 0.31239454296875 0.58087736484375 0.32474777734375004 0.589501634375 0.32506929296875 0.58385130078125 0.31259134609375
0 0.50674612421875 0.17719361953124999 0.4947195984375 0.1769381890625 0.49869898125 0.19918726484375 0.50804750703125 0.1994514671875 0.50674612421875 0.17719361953124999
0 0.51018887265625 0.74536893515625 0.4979772609375 0.74387406640625 0.496162296875 0.764313025 0.51515789296875 0.7676903546875 0.51018887265625 0.74536893515625
0 0.35935598828125 0.98343702578125 0.3548896203125 0.9828809843749999 0.353717478125 0.9877282234375 0.35964987812500004 0.98846872265625 0.35935598828125 0.98343702578125
0 0.5337918703125 0.6066833164062501 0.525208225 0.60593635625 0.52095633046875 0.6168547015625 0.5295245890625 0.61851417109375 0.5337918703125 0.6066833164062501
0 0.43729957265625 0.85326410078125 0.42596681796875 0.8514396054687501 0.4119097015625 0.868770071875 0.41985006875 0.87056664921875 0.43729957265625 0.85326410078125
0 0.55121895625 0.53903746796875 0.5418814601562499 0.5383228492187501 0.540389765625 0.55424580390625 0.54988881796875 0.55535230546875 0.55121895625 0.53903746796875
0 0.49867520781249997 0.7019719953125 0.4924286390625 0.70126079453125 0.49307825390625004 0.70374408046875 0.500187653125 0.704674684375 0.49867520781249997 0.7019719953125
0 0.589940978125 0.3257847859375 0.58062019375 0.32543661953125 0.5846315343749999 0.34075786015625 0.5940659203124999 0.34097554531249996 0.589940978125 0.3257847859375
0 0.50609027734375 0.14214701484375 0.4908316859375 0.14134413671874999 0.49524688906250003 0.1756072203125 0.50751205 0.17615070390625 0.50609027734375 0.14214701484375
0 0.57321792890625 0.300031784375 0.56716429375 0.300051471875 0.57671644140625 0.31209595625 0.582808453125 0.3121585515625 0.57321792890625 0.300031784375
0 0.544885353125 0.46401738281249993 0.5380580046875 0.46376734375 0.538250953125 0.4791049890625 0.54677870703125 0.47947058515625 0.544885353125 0.46401738281249993
0 0.5496457593749999 0.147250228125 0.5371021476562501 0.1467767671875 0.5351385890625 0.16715688515625 0.5465558421875001 0.16739021953125 0.5496457593749999 0.147250228125
0 0.5680538546875 0.37263555312499996 0.5633724265625 0.37245455859375 0.5609778375000001 0.38414005078125 0.565968878125 0.38432570625 0.5680538546875 0.37263555312499996
0 0.54134704140625 0.17791048046875 0.53434639765625 0.1781538984375 0.5328214460937499 0.18552781328125 0.5403148492187501 0.18560186953125 0.54134704140625 0.17791048046875
0 0.54208751953125 0.03581643359375 0.52670881171875 0.034415183593749996 0.52927342109375 0.062276121875 0.54502285859375 0.06377896875 0.54208751953125 0.03581643359375
0 0.5014880953125 0.07038689921875 0.48580277421874996 0.069040478125 0.489903296875 0.11438389296875 0.5052931453125 0.11553846953125 0.5014880953125 0.07038689921875
0 0.4999621453125 0.706355053125 0.49265323125 0.7049062734375 0.49347574453125 0.7107655921875 0.5010981125 0.7118835328124999 0.4999621453125 0.706355053125
0 0.5040736328125 0.7219120179687499 0.49030353984374997 0.71961229375 0.4923860828125 0.74136835546875 0.51066528046875 0.744580775 0.5040736328125 0.7219120179687499
0 0.5461493515625 0.09182026328125001 0.5332828875 0.09182950390625 0.5370938320312499 0.1324568859375 0.55129577734375 0.1330320796875 0.5461493515625 0.09182026328125001
0 0.5017468421875 0.7130232000000001 0.4928134703125 0.7116908039062501 0.49356287890625 0.7194246140625 0.504158184375 0.7210160296875 0.5017468421875 0.7130232000000001
0 0.5666629296875 0.3454599546875 0.5597693742187501 0.34558050546875 0.56225308671875 0.361012625 0.56778566171875 0.361070471875 0.5666629296875 0.3454599546875
0 0.56785562265625 0.36486574921875004 0.560483259375 0.36433983671875 0.56091212890625 0.370370590625 0.5684348171875 0.37057420546875003 0.56785562265625 0.36486574921875004
0 0.4911362875 0.7983274578125 0.473303740625 0.79546922109375 0.44638104609375 0.8270000492187499 0.460942115625 0.83007504296875 0.4911362875 0.7983274578125
0 0.54099656484375 0.28618666953125 0.5364842609375 0.28611611406250004 0.54110399609375 0.29154394921875004 0.5473507304687499 0.2918243 0.54099656484375 0.28618666953125