0 0.21245295390625 0.5933143390625 0.21006804765624998 0.58270475703125 0.20291184843750001 0.5808587140625 0.20563537890625 0.591652125 0.21245295390625 0.5933143390625
0 0.1650169125 0.579535665625 0.16100801484375 0.57823204375 0.1625306234375 0.5859634421875 0.166701215625 0.58672394375 0.1650169125 0.579535665625
0 0.149271571875 0.583710621875 0.14788285 0.57761746484375 0.14465323359374999 0.5763866203125 0.14571003671875 0.58257224453125 0.149271571875 0.583710621875
0 0.1867545828125 0.5847505617187501 0.18486095390625 0.5764124796875 0.17947156250000001 0.5757815640625 0.18052476640624998 0.58339469921875 0.1867545828125 0.5847505617187501
0 0.242218175 0.5980206742187499 0.24038363671875002 0.59081439609375 0.21969301171875003 0.5854738937499999 0.22106581250000001 0.5928962828125 0.242218175 0.5980206742187499
0 0.3009130953125 0.61631773515625 0.29755616640625 0.6019176117187499 0.266298415625 0.59554204921875 0.26943288046874997 0.609655734375 0.3009130953125 0.61631773515625
0 0.1624525140625 0.5887992609375 0.16085167578124998 0.5817727742187501 0.1555549171875 0.5800611289062501 0.157008184375 0.58658159453125 0.1624525140625 0.5887992609375
0 0.18212177499999999 0.5930458078124999 0.18046193593749998 0.5849041335937499 0.16928260546875 0.58203881953125 0.17088341328125 0.5890597671875 0.18212177499999999 0.5930458078124999
0 0.26497866640625 0.6074578414062499 0.261760175 0.593944465625 0.24282317187500002 0.59005343828125 0.24554132421875 0.60317793046875 0.26497866640625 0.6074578414062499
0 0.426103359375 0.5944301585937499 0.42333195 0.5835094820312501 0.40835861796875 0.58390081640625 0.41100380390625 0.5953769859375 0.426103359375 0.5944301585937499
0 0.144288009375 0.5819614046875 0.14277468046875 0.5759857242187499 0.1385202328125 0.5746173437500001 0.140005353125 0.57997015546875 0.144288009375 0.5819614046875
0 0.3312803796875 0.6215559296875 0.32907620234375 0.6090431398437499 0.3060989390625 0.606969659375 0.3083324015625 0.61807679609375 0.3312803796875 0.6215559296875
0 0.155334496875 0.58611455703125 0.15400456484375 0.57985639921875 0.14876179765625 0.5781881546875 0.14996679453125 0.5842534734375 0.155334496875 0.58611455703125
0 0.7856755578125 0.54047394140625 0.7832552140625 0.53308300390625 0.7719929453125001 0.53734918125 0.7740246 0.54339568984375 0.7856755578125 0.54047394140625
0 0.1991988 0.58814303828125 0.19690988828125 0.57894902109375 0.1862137515625 0.576701871875 0.18849710078124998 0.5848435656250001 0.1991988 0.58814303828125
0 0.387041290625 0.60573891875 0.38534769999999996 0.595553503125 0.35459896953125003 0.59480579765625 0.35742034453125 0.605504340625 0.387041290625 0.60573891875