0 0.15828931875000002 0.565917840625 0.1582410640625 0.5604056625 0.15453135 0.5595565328125 0.15466901328125 0.56489511640625 0.15828931875000002 0.565917840625
0 0.26272811640625 0.6005451296875 0.26403272499999997 0.58347125625 0.23517522734375002 0.5787665359374999 0.2337888734375 0.59507891484375 0.26272811640625 0.6005451296875
0 0.1029936140625 0.566976090625 0.10330783828125001 0.55901755546875 0.0963817296875 0.5563588328125 0.096092234375 0.5641926710937499 0.1029936140625 0.566976090625
0 0.7186881109375001 0.5574239249999999 0.71847333125 0.55102134609375 0.70654755234375 0.5540875828125 0.70677251171875 0.5601901046875 0.7186881109375001 0.5574239249999999
0 0.11224141484375001 0.571182465625 0.11289369921875 0.5627182828125 0.10536779921874999 0.5598543671875 0.10508851015625001 0.56801214453125 0.11224141484375001 0.571182465625
0 0.083949284375 0.55766933046875 0.08409352812500001 0.5515824390625 0.0807691703125 0.550484878125 0.0805532234375 0.55613982265625 0.083949284375 0.55766933046875
0 0.13990166796875 0.57876173671875 0.14061751015625 0.5663452398437501 0.12475247890625 0.5618473109375001 0.12429346953125 0.57225790859375 0.13990166796875 0.57876173671875
0 0.19573790625 0.58479043828125 0.19681606484375 0.5694043296875 0.17765322890625 0.5658330453125 0.17698553749999998 0.5802080109375 0.19573790625 0.58479043828125
0 0.42170130781250004 0.5794410976562501 0.4226807234375 0.56887419140625 0.41009859453124997 0.5685740765625 0.40937062187500006 0.5795306859375 0.42170130781250004 0.5794410976562501
0 0.0723600375 0.55581165859375 0.0723678796875 0.5516978015625 0.07024288281249999 0.5508259625 0.06988448984375 0.554430515625 0.0723600375 0.55581165859375
0 0.11672190234374999 0.55240063046875 0.11560580703125001 0.568603434375 0.12344906796874999 0.5715254625 0.12418956328125 0.5611500796875 0.12328860703125 0.5580735484375 0.1236015671875 0.554340378125 0.11672190234374999 0.55240063046875
0 0.45520339921874997 0.57989297109375 0.45611183593750004 0.566946525 0.44609282187500005 0.5667152062499999 0.44525543828125 0.58040424140625 0.45520339921874997 0.57989297109375
0 0.080232946875 0.5552200523437499 0.08035686875 0.551462559375 0.07668660000000001 0.55012962421875 0.0766681859375 0.55407626171875 0.080232946875 0.5552200523437499
0 0.150799778125 0.56921324453125 0.1514295625 0.5576249062499999 0.14160829609375 0.555581734375 0.1411793375 0.56727199296875 0.150799778125 0.56921324453125
0 0.3112906234375 0.608064625 0.326245446875 0.6090333046875 0.33546288828125 0.609615146875 0.33636781171874996 0.5960197421875 0.31938347265625 0.59543232421875 0.31894412734375 0.5989692859375 0.31648005703125 0.5985415992187499 0.31533578984375 0.59619132734375 0.31254572265624997 0.59402995625 0.3112906234375 0.608064625
0 0.47733049765624996 0.57620696640625 0.4777387078125 0.56921621015625 0.47075127109375003 0.5699528203125 0.47048982578125004 0.57687545234375 0.47733049765624996 0.57620696640625
0 0.30329267265625004 0.60663550859375 0.3048280921875 0.5885899304687501 0.26621971015625 0.58443428046875 0.26515970703125 0.60174719296875 0.30329267265625004 0.60663550859375
0 0.09552177109375 0.563465140625 0.09615473984375 0.5557577046875 0.0904518671875 0.5541906234375 0.090093828125 0.5616286890625 0.09552177109375 0.563465140625
0 0.23255769765625 0.59026897109375 0.23356910625 0.5784156515625 0.1992240890625 0.5707394109374999 0.19859000703125002 0.58209017578125 0.23255769765625 0.59026897109375
0 0.08971276640625 0.5612976187500001 0.09015671171875 0.55361342890625 0.08431320390625 0.55156843046875 0.084110571875 0.55849850546875 0.08971276640625 0.5612976187500001
0 0.40504078046875 0.58854558671875 0.40525648671875 0.5799665359375 0.34197944687500004 0.57787371796875 0.34116158828125 0.589068309375 0.40504078046875 0.58854558671875
0 0.8209990328125001 0.55392710703125 0.8211170601562501 0.54556415078125 0.80524827734375 0.5498472171875 0.8055634703125 0.55925705390625 0.8209990328125001 0.55392710703125
0 0.46633999375 0.57598443515625 0.46676445234374997 0.56742845 0.46222753515625004 0.5670853796875 0.46217156015625005 0.57601801015625 0.46633999375 0.57598443515625
0 0.1680480953125 0.56947322734375 0.169120878125 0.56297175078125 0.1595272984375 0.5608329109375 0.15906465234375 0.56670505859375 0.1680480953125 0.56947322734375