0 0.7776014234375 0.524765359375 0.78150253046875 0.5265684328125 0.78278525234375 0.5170194765625 0.7793037125 0.51586665 0.7776014234375 0.524765359375
0 0.7819059203125 0.5267641453125 0.79151457890625 0.5304325875 0.79314835 0.5196875609375 0.7832101476562501 0.5172187187499999 0.7819059203125 0.5267641453125
0 0.7571092562499999 0.5180926757812501 0.76907915390625 0.5227080203125001 0.7697847906249999 0.51473685 0.7578964421875 0.51180739609375 0.7571092562499999 0.5180926757812501
0 0.718608909375 0.510059565625 0.7197600679687499 0.51065355078125 0.72077628125 0.5053068656249999 0.71941497265625 0.50434223359375 0.718608909375 0.510059565625
0 0.7697526421875 0.52254853828125 0.77680837578125 0.52463519140625 0.7783375929687499 0.51535814453125 0.7715833625 0.51320525234375 0.7697526421875 0.52254853828125
0 0.24701171640625003 0.4048080265625 0.25965993203125 0.40813773828125 0.2609688640625 0.40151927890624994 0.24816079531250002 0.3975626609375 0.24701171640625003 0.4048080265625
0 0.8472087281249999 0.5431697234375 0.86353692578125 0.5486271664062501 0.8658234281249999 0.53859270078125 0.8487566609374999 0.5323224359375 0.8472087281249999 0.5431697234375
0 0.8019138281249999 0.53269881171875 0.818895159375 0.53741205 0.8215427609375 0.526039884375 0.8036696335937499 0.52238436484375 0.8019138281249999 0.53269881171875
0 0.79215417265625 0.5312346742187499 0.8011624382812499 0.5334103578125 0.80360582421875 0.52196058671875 0.7940787125 0.51997803515625 0.79215417265625 0.5312346742187499
0 0.9671395789062499 0.549372640625 0.98307447265625 0.5514315390625 0.9852824015625 0.541475103125 0.9690361125000001 0.53741429765625 0.9671395789062499 0.549372640625
0 0.44327346328125 0.44709239843750004 0.45918745078125 0.45017010468749996 0.46033974609375 0.44326968828125 0.44378789453125 0.44055294140625 0.44327346328125 0.44709239843750004
0 0.7144879875 0.50824245625 0.71843310703125 0.50989845390625 0.719264890625 0.50465375390625 0.71542811484375 0.5029494117187501 0.7144879875 0.50824245625
0 0.82051040390625 0.5374016328125 0.8403929578125 0.54343971640625 0.8425637609375001 0.53303908515625 0.8221194546874999 0.52725597265625 0.82051040390625 0.5374016328125
0 0.73578064453125 0.51474619375 0.743154934375 0.51866785390625 0.7442403578125 0.5127456359375 0.7364078335937501 0.5086523265625 0.73578064453125 0.51474619375
0 0.2640010921875 0.409018353125 0.27641005546874997 0.41175221171875 0.27759085156249996 0.40650693515625 0.26512587578125 0.40236966953125003 0.2640010921875 0.409018353125
0 0.87116559375 0.54432724453125 0.8934007125000001 0.5486711679687499 0.896841840625 0.52806927890625 0.87314583671875 0.5241799234375 0.87116559375 0.54432724453125
0 0.22645776640625 0.39980321874999997 0.24613556484375 0.40408008203124995 0.24726718124999997 0.3969448203125 0.22697429140624997 0.39291141953125003 0.22645776640625 0.39980321874999997
0 1 0.5438642125 0.98530369609375 0.5413408304687499 0.9843581125 0.5477378796875 1 0.5503052687500001 1 0.5438642125