0 0.8869909671875 0.43602539062499995 0.8897778328125 0.437009278125 0.8902697749999999 0.44684814531250006 0.9056823734374999 0.451110840625 0.9055187984374999 0.4347143546875 0.8764965828125 0.430778809375 0.87748046875 0.44455322343750003 0.887154540625 0.4475024421875 0.8869909671875 0.43602539062499995
0 0.75482055625 0.452751465625 0.733232421875 0.45821533125 0.732138671875 0.46941894531250006 0.7552307125 0.465319825 0.75482055625 0.452751465625
0 0.744299315625 0.4844506828125 0.7250341796875001 0.485817871875 0.7239404296874999 0.49784179687499996 0.7451196296875 0.49756835937500005 0.744299315625 0.4844506828125
0 0.312841796875 0.4786840828125 0.2857421875 0.4786840828125 0.284261475 0.490524903125 0.31318359375 0.48916015625 0.312841796875 0.4786840828125
0 0.23423583906249998 0.4854565421875 0.229017334375 0.486247559375 0.22925415 0.49178222656250004 0.2344738765625 0.49130859375 0.23423583906249998 0.4854565421875
0 0.441673584375 0.50609375 0.443782959375 0.5109692375 0.4450341796875 0.5108374015625 0.44536376874999994 0.5138671875 0.4470776359375 0.5132080078125 0.4468798828125 0.503984375 0.4384448234375 0.5041162109374999 0.4384448234375 0.514130859375 0.43916992187500004 0.5133398437500001 0.44022460937499996 0.5092553703125 0.441673584375 0.50609375
0 0.5614123531249999 0.482734375 0.5611743171875 0.4714038078125 0.51956665 0.46440185625 0.5039099125 0.468767090625 0.50450805625 0.4808374015625 0.5193859859375001 0.4766040046875 0.5614123531249999 0.482734375
0 0.144572753125 0.464423828125 0.1444091796875 0.4552417 0.1307995609375 0.452946778125 0.1278491203125 0.4552417 0.1286682125 0.46475341875 0.144572753125 0.464423828125
0 0.8268151859374999 0.4799682625 0.78583984375 0.48127929687500004 0.7846923828125 0.4983325203125 0.8274707031249999 0.4983325203125 0.8268151859374999 0.4799682625
0 0.11404296875 0.41779296875 0.0966625984375 0.4204174796875 0.0964990234375 0.438125 0.11437011718750001 0.4348461921875 0.11404296875 0.41779296875
0 0.777092284375 0.4532958984375 0.7568701171875001 0.45548339843749996 0.7565966796875 0.464228515625 0.777092284375 0.46040283125 0.777092284375 0.4532958984375
0 0.09420288125000001 0.419104003125 0.0815771484375 0.4253344734375 0.08125 0.4391088859375 0.0951867671875 0.4361572265625 0.09420288125000001 0.419104003125
0 0.9746081546875001 0.4536792 0.9647399906249999 0.45083251874999997 0.9649292 0.4635473640625 0.9746081546875001 0.4652563484375 0.9746081546875001 0.4536792
0 0.48028320312500006 0.47958251875 0.47971435625 0.475029296875 0.46462646406249997 0.48015380781249994 0.46453247031249995 0.4866064453125 0.4798095703125 0.48337890625 0.48028320312500006 0.47958251875
0 0.846015625 0.4799682625 0.8286181640624999 0.48127929687500004 0.8289465328125001 0.49964355468750005 0.8466711421875001 0.4973486328125 0.846015625 0.4799682625
0 0.0801025390625 0.42697509843750003 0.065837403125 0.4361572265625 0.06567260781249999 0.44533935468749997 0.0796105953125 0.4361572265625 0.0801025390625 0.42697509843750003
0 0.5014428703125 0.47028564531250006 0.483509521875 0.4740795890625 0.4825610359375 0.4824291984375 0.502106934375 0.47977295 0.5014428703125 0.47028564531250006
0 0.242301025 0.484033203125 0.23558105468749999 0.48482421875000004 0.234869384375 0.4900439453125 0.24245971718749998 0.48877929687500005 0.242301025 0.484033203125
0 0.9415087890624999 0.4866918953125 0.9124865718749999 0.48537841718749997 0.9134704593749999 0.4994799796875 0.94265625 0.4994799796875 0.9415087890624999 0.4866918953125
0 0.8143542484375 0.4317626953125 0.7958422859375001 0.43373046875 0.7954980468749999 0.451110840625 0.8145336921874999 0.448486328125 0.8143542484375 0.4317626953125
0 0.9119128421875 0.4842309578125 0.8619030765625 0.4799682625 0.8627233890625 0.49997314531250003 0.9119128421875 0.5006274421875 0.9119128421875 0.4842309578125
0 0.8586242671875001 0.42782714843749997 0.8182885734375 0.432419434375 0.8179772953125 0.4475024421875 0.859771728125 0.44455322343750003 0.8586242671875001 0.42782714843749997
0 0.7932849125 0.4584887703125 0.7847583 0.45520996093750005 0.7847583 0.4614404296875 0.7932849125 0.46340820312500003 0.7932849125 0.4584887703125
0 0.595416259375 0.4789624015625 0.5637780765625 0.469990234375 0.5633056640625 0.4836840828125 0.5961254874999999 0.48462890625000005 0.595416259375 0.4789624015625
0 0.272744140625 0.49083496093749995 0.248232421875 0.4925732421875 0.248232421875 0.50048095625 0.272744140625 0.5009545890625 0.272744140625 0.49083496093749995
0 0.339482421875 0.47824462968750003 0.3148901359375 0.47951171875 0.3141784671875 0.490107421875 0.3401940921875 0.48947509843750003 0.339482421875 0.47824462968750003
0 0.9664477546875 0.43470214843750005 0.9674914546875 0.4373583984375 0.9697680656250001 0.437927246875 0.9710974125 0.4339428703125 0.9773596187500001 0.4407739265625 0.977548828125 0.43318359375000004 0.9722351078125 0.4255932609375 0.966068115625 0.42407470625 0.955725096875 0.43033691406249996 0.9558203125 0.438498534375 0.9652136234375 0.4328051765625 0.9664477546875 0.43470214843750005