0 0.6214270015625 0.429748534375 0.6007434078125 0.4399487296875 0.6001770015625 0.4614819328125 0.6222766109375 0.4518481453125 0.6214270015625 0.429748534375
0 0.437438965625 0.488056640625 0.4349792484375 0.48778320312499995 0.4351159671875 0.4948901375 0.4375756828125 0.4948901375 0.437438965625 0.488056640625
0 0.7588427734375001 0.3821484375 0.7251257328125 0.3844140625 0.7237097171875 0.42068115156249997 0.7611083984375 0.42068115156249997 0.7588427734375001 0.3821484375
0 0.7157763671875 0.3798803703125 0.6727099609375 0.3940478515625 0.6732763671875001 0.4133154296875 0.71549194375 0.40254882812500004 0.7157763671875 0.3798803703125
0 0.228063965625 0.47734619062499994 0.18379394531249998 0.47341064375 0.181826171875 0.501611328125 0.22642456093750002 0.50194091875 0.228063965625 0.47734619062499994
0 0.8469580078125001 0.3889477546875 0.80644165 0.3798803703125 0.8078588859375 0.39744873125 0.8469580078125001 0.407080078125 0.8469580078125001 0.3889477546875
0 0.713509521875 0.42521484374999996 0.6738427734375 0.4359814453125 0.6729931640625 0.45864746093750003 0.7160595703125 0.45241455 0.713509521875 0.42521484374999996
0 0.6585424796875 0.44901367187499996 0.6364428703125 0.4558154296875 0.6361596671874999 0.46601318437500006 0.6582592765624999 0.4609130859375 0.6585424796875 0.44901367187499996
0 0.59791015625 0.44164795 0.5814770499999999 0.4512817375 0.5826098625 0.4824462890625 0.598193359375 0.47904785156249996 0.59791015625 0.44164795
0 0.4598474125 0.48723876875 0.44017211874999995 0.48750976562500004 0.4397619625 0.495163575 0.45957397499999997 0.4965283203125 0.4598474125 0.48723876875
0 0.800775146875 0.3923486328125 0.7676257328125 0.3912158203125 0.7676257328125 0.4184155265625 0.8016247562500001 0.4167138671875 0.800775146875 0.3923486328125