0 0.5635360687500001 0.8926882515625 0.563573634375 0.8905360828125 0.5556869812499999 0.8903984203125 0.5489488031249999 0.890750559375 0.54555856875 0.9009829203124999 0.55805603125 0.90102705 0.55693319375 0.9039721937499999 0.5462130359375 0.9043084140625 0.5418097203125 0.9188861203125 0.5417830593749999 0.9204134984375001 0.5591455765625 0.9207165625 0.5635360687500001 0.8926882515625
0 0.5427624109375 0.76433086875 0.537311028125 0.74152843125 0.525937821875 0.7402368578125 0.525866459375 0.744325178125 0.5290826015625 0.7640920875 0.5427624109375 0.76433086875
0 0.49672544218750003 0.7311172921875 0.49634325625000003 0.753012690625 0.50832341875 0.75322180625 0.5102672874999999 0.7531353281250001 0.5102979609375 0.7513780390625 0.509258940625 0.7321609625 0.5001281390625001 0.7311766859375 0.49672544218750003 0.7311172921875
0 0.5121324109375001 0.29813852500000004 0.5123580109375 0.3053759078125 0.5241562375 0.305581846875 0.5246557625 0.27696406875 0.5133208421875 0.2753881453125 0.5125297625 0.2753743359375 0.5121324109375001 0.29813852500000004
0 0.5119198390624999 0.2232808265625 0.51195195625 0.2237108140625 0.5176314625 0.22380995 0.518283425 0.22379526093750002 0.5175270796875 0.2182468375 0.5120053359375001 0.2183826953125 0.5119198390624999 0.2232808265625
0 0.48480479687500005 0.44214879218750003 0.48479392812500005 0.44277152031250006 0.4851764 0.44378336249999994 0.4949165609375 0.44395337812499996 0.49529745312499995 0.4439521359375 0.4953087703125 0.43509811562499995 0.4849310296875 0.434916971875 0.484923275 0.4353612046875 0.48525422812499996 0.435664790625 0.48968140312499997 0.436851759375 0.49309668125000006 0.43843591093749995 0.48775027968750007 0.4405619703125 0.48787083124999997 0.4418805484375 0.48480479687500005 0.44214879218750003
0 0.5189869546875 0.50336985625 0.5223978687499999 0.5162773578125 0.5154274453125 0.5590521359375 0.515359653125 0.5629358765625 0.5275390765625 0.56314846875 0.535053740625 0.5226121171875 0.5352190890624999 0.5131392640625 0.53275478125 0.503610175 0.5189869546875 0.50336985625
0 0.5419379328125 0.11371105937499999 0.5416352765625 0.13105018906250002 0.5511507156250001 0.1312162828125 0.55398591875 0.1161338515625 0.55229041875 0.1138917625 0.5419379328125 0.11371105937499999
0 0.5129273171875 0.7947834625 0.5060299968749999 0.7942006796875 0.495121234375 0.794010265625 0.49434581718750004 0.8384338781249999 0.5133302671875 0.8387652531249999 0.5134624546875 0.8311922390625 0.5129273171875 0.7947834625
0 0.5700185796875 0.0861254953125 0.5723315343750001 0.10018880781249999 0.5902539875 0.10050164531250001 0.5907302515625 0.10050077187499999 0.5882792921875 0.08198335 0.5700964203125001 0.0816659671875 0.5700185796875 0.0861254953125
0 0.5417914921875 0.7869756015625 0.5398999859375 0.7656735234375 0.5310669828125001 0.7655193421875001 0.5309919515625 0.7698178875 0.533810840625 0.7868362984374999 0.5417914921875 0.7869756015625
0 0.5693051609374999 0.068973259375 0.5714954750000001 0.08029776875 0.5876065046875001 0.0805789875 0.5898668265625 0.080487996875 0.58993826875 0.076395046875 0.5850854890625 0.06610240625 0.5693600625 0.0658279171875 0.5693051609374999 0.068973259375
0 0.5261066999999999 0.9916697484375 0.5380140234375 0.9918775921874999 0.5411554749999999 0.9817057890625 0.5277419171875 0.9816703406249999 0.5261380015625 0.9898764296874999 0.5261066999999999 0.9916697484375
0 0.513258934375 0.4656960703125 0.5157628203125 0.47875287499999997 0.5249287812500001 0.47891286875 0.5249339046875 0.4786192640625 0.51980278125 0.46249179218750003 0.513316840625 0.46237857968749996 0.513258934375 0.4656960703125
0 0.4977684046875 0.839633034375 0.4930588578125 0.8396337624999999 0.4930143765625 0.8421821656249999 0.49484998437499994 0.8583191234375 0.5123466750000001 0.8586245296874999 0.51323713125 0.8586070078124999 0.51344394375 0.8467587015625 0.5130393734375 0.8398995906250001 0.4977684046875 0.839633034375
0 0.5814434796875 0.0648994203125 0.5722380890625 0.04979975625 0.5630593515625 0.049639540625 0.563039075 0.050801179687499996 0.5717333499999999 0.06472992968749999 0.5814434796875 0.0648994203125
0 0.5196743140625 0.48122658124999995 0.5170399 0.481180596875 0.5169715984375001 0.48509361406249996 0.51897900625 0.50147069375 0.529342734375 0.50165159375 0.5293770671875 0.4996846453125 0.5258386953125 0.48201383125 0.5196743140625 0.48122658124999995
0 0.513874434375 0.22735009062499997 0.51457716875 0.232112340625 0.5197408968749999 0.23220247343749997 0.5190137453125 0.22487439999999997 0.5151357187500001 0.2242727921875 0.513928515625 0.22425172187500003 0.513874434375 0.22735009062499997
0 0.5047142609375 0.95798711875 0.5064005046875 0.9311451328125001 0.5064748328124999 0.9268868796874999 0.491793525 0.9266306156249999 0.49124786093750006 0.9578916765625 0.5031543187499999 0.9580995046874999 0.5047142609375 0.95798711875
0 0.56345675625 0.8262204484375 0.5617078281250001 0.8064400781250001 0.5437779359375 0.8061271109374999 0.5435572796875 0.8187685109375 0.5444101359375 0.8258879890624999 0.56345675625 0.8262204484375
0 0.49053894062500003 0.9259757093750001 0.507646375 0.926274321875 0.5129469624999999 0.8745868031249999 0.4917944578125 0.8742175859374999 0.49097902187500003 0.900763515625 0.49053894062500003 0.9259757093750001
0 0.546853715625 0.8475058046875 0.5482452953125 0.8729241125 0.5669138031250001 0.8732499718750001 0.566974584375 0.8697678046874999 0.5630281874999999 0.8298844125 0.54716613125 0.8296075406250001 0.546853715625 0.8475058046875
0 0.531414528125 0.803632478125 0.5362344625000001 0.8037166109375 0.5398314234375 0.794968084375 0.5331697796875 0.7948518046874999 0.5314491218749999 0.801650575 0.531414528125 0.803632478125
0 0.5140237625 0.5649381828125 0.5128714859375 0.5894349359375 0.5127072421875 0.598844421875 0.5150241953125 0.5988848640625 0.5185047578125 0.5985221109375 0.5284655375 0.5664121046874999 0.5284792015625001 0.5656293265625 0.5154302328125 0.5649627328125 0.5140237625 0.5649381828125
0 0.5022693640625 0.23784777968749998 0.501846009375 0.2491822484375 0.5016020890624999 0.26315644374999997 0.5122333796875 0.2633420140625 0.5122469921875 0.2625621484375 0.5108849890625 0.2379981671875 0.5022693640625 0.23784777968749998
0 0.523232959375 0.307168659375 0.5145342015625001 0.30642670625 0.5122416421875 0.3063866890625 0.5117710890625 0.3333446078125 0.5239211375 0.3335566875 0.5239890140625 0.3296680015625 0.523232959375 0.307168659375
0 0.557587125 0.9890953703124999 0.5513748921875 0.994655715625 0.5513662796875 0.9951490937499999 0.5599399609375 0.9952987484375001 0.56690861875 0.9905459265625 0.56872983125 0.9835968109375001 0.56245018125 0.972680884375 0.5532525921875 0.9725203406249999 0.5589765296875 0.9824593 0.5568292687499999 0.9838188296875 0.55383606875 0.9849480296875001 0.553154509375 0.9875132093750001 0.557587125 0.9890953703124999