0 0.5421337078125 0.5977225265625 0.5536711125 0.61730886875 0.5723413234375 0.6150164546875 0.57681424375 0.614291421875 0.576508228125 0.6117991328125 0.56438775625 0.593271965625 0.5419258828125 0.5960299359375 0.5421337078125 0.5977225265625
0 0.4946694890625 0.43204358125000003 0.48751096718750003 0.43305409062500005 0.48780734531250003 0.43546789375 0.4949817796875 0.434586984375 0.4946694890625 0.43204358125000003
0 0.6032536734375 0.7539493625 0.604892803125 0.753748103125 0.6419550234375 0.7469698921875 0.6354651421875 0.7130939 0.598614390625 0.7161654359375 0.6032536734375 0.7539493625
0 0.5999294515625 0.6634732609375 0.600114159375 0.6649775859375 0.616026825 0.70567911875 0.626282790625 0.7045498328125 0.6391825421874999 0.7029659421875001 0.6388069 0.6999065828125001 0.62042339375 0.6609569203125 0.5999294515625 0.6634732609375
0 0.45453129062500003 0.22376819375 0.4582285296875 0.22356341249999998 0.480186240625 0.2208673453125 0.4789010125 0.1829503890625 0.47784882968750003 0.17438104999999998 0.46824473749999995 0.1748829515625 0.448821759375 0.1772677921875 0.45453129062500003 0.22376819375
0 0.646069684375 0.8370658687500001 0.650281246875 0.7954028765625 0.650217096875 0.79488041875 0.6316757015625 0.7971570171875 0.6271455484375 0.8339995515625 0.6277975171875 0.8393094078125 0.646069684375 0.8370658687500001
0 0.576452390625 0.6667324734375 0.5539596546875 0.669494234375 0.5552699718749999 0.6801659109375 0.564047221875 0.7125679921875 0.5932127453125 0.7089869171875 0.5927782015624999 0.7054478453125 0.5770785140625 0.666679540625 0.576452390625 0.6667324734375
0 0.542328809375 0.6361258515625 0.5494087890625 0.65524038125 0.562063678125 0.65368655625 0.5620620109375001 0.6536729734375 0.5522457453125 0.6321624890625 0.54196263125 0.633143575 0.542328809375 0.6361258515625
0 0.5502582234375 0.5758006484375 0.5184689 0.5808789015625 0.51972125 0.5910784828125 0.5216283109375001 0.596513671875 0.561721878125 0.5915908 0.5614838484375 0.5896522046875 0.5508220796875001 0.575731415625 0.5502582234375 0.5758006484375
0 0.4876256921875 0.43774975156249996 0.4884044765625 0.45260259999999997 0.4890820578125 0.4581210515625 0.490340571875 0.4580034484375 0.49836607343750006 0.45701804062500007 0.49563827031249996 0.43710653749999995 0.4892431140625 0.43755115624999996 0.4876256921875 0.43774975156249996
0 0.6087516796875 0.780319853125 0.6112723828125 0.7947665296875 0.6335909078124999 0.792026159375 0.6369015890624999 0.7915032890625 0.63386763125 0.7569691015625 0.606300175 0.7603539593749999 0.6087516796875 0.780319853125