0 0.5190475046875 0.28971148593749996 0.520683725 0.3025996453125 0.5232132375 0.3028655078125 0.532905740625 0.30273200624999996 0.531502278125 0.2885315421875 0.5192334828125 0.2879420203125 0.5190475046875 0.28971148593749996
0 0.5561245578125 0.40585721875 0.5529503499999999 0.405523596875 0.5527087296875 0.4078224625 0.5539843546875 0.4305790625 0.56093165 0.43130925312499996 0.5612709375 0.428081146875 0.5630101140625 0.407482028125 0.5561245578125 0.40585721875
0 0.564383134375 0.4032886828125 0.56128439375 0.35536044843750003 0.5539759421875 0.3545923 0.5533367421875 0.3606738765625 0.55448008125 0.40224782968749995 0.564383134375 0.4032886828125
0 0.48926525625000006 0.8583091234375001 0.4767777578125 0.8735288453125 0.47662708593750003 0.8749623796874999 0.4837135609375 0.87605386875 0.4942951390625 0.8771660375 0.510788471875 0.8623723406250001 0.5108636390625 0.8616571671875001 0.49062233437499997 0.8584517578125 0.48926525625000006 0.8583091234375001
0 0.5086049203125 0.5842725046874999 0.5021193234375 0.5912465 0.5020786046875 0.5916339171875 0.51437625 0.593406825 0.5253572453124999 0.5945609734375 0.5275113250000001 0.58943254375 0.527737328125 0.5872822578125 0.5097776109375001 0.584395759375 0.5086049203125 0.5842725046874999
0 0.5589929171875 0.4732350078125 0.552020040625 0.4725021296875 0.551654278125 0.47598213281249996 0.5516447265625 0.48022673281249995 0.55901803125 0.4810016984375 0.5594859875 0.47654939062499996 0.55957913125 0.47332097656250005 0.5589929171875 0.4732350078125
0 0.5623359828125001 0.43276947187500003 0.55909035 0.4321339609375 0.55579024375 0.43178710468750003 0.5545464875 0.44362065624999997 0.561537021875 0.4443553921875 0.5617547734375 0.44436048906250003 0.5623359828125001 0.43276947187500003
0 0.5594640984375 0.4720117359375 0.5598191296875 0.4709577875 0.5599967796875001 0.469267571875 0.5537023359375 0.468606 0.553494909375 0.47057953281250003 0.5535642546874999 0.4713916375 0.5594640984375 0.4720117359375
0 0.5028415609375 0.606172565625 0.5026804281249999 0.6077056468750001 0.508132490625 0.6082786828125 0.5138653609375 0.5957448703125 0.513979878125 0.594655309375 0.5138210515625 0.5946212671875 0.5092688859375001 0.5941428140625 0.5028415609375 0.606172565625
0 0.5530793171874999 0.46726772343749995 0.555254575 0.46749635156249997 0.559593809375 0.4676214015625 0.5607871062500001 0.458229734375 0.5541422296875 0.45715478593750003 0.5530793171874999 0.46726772343749995
0 0.5579782015625 0.48239223593749997 0.5508370140625 0.481335909375 0.548976428125 0.4990382125 0.5565457671875 0.49983378125 0.5579782015625 0.48239223593749997
0 0.47213509531250003 0.6415965031249999 0.4987519171875 0.645476603125 0.508188921875 0.646468471875 0.5148753046875 0.627309334375 0.5156420749999999 0.620014009375 0.4841564140625 0.6167047343750001 0.47237265937500006 0.639336234375 0.47213509531250003 0.6415965031249999
0 0.5530291328125 0.6743462421875 0.5370871515625 0.728411559375 0.53525670625 0.7458270828125 0.5370463390625 0.75183425 0.5571551359375 0.75394776875 0.5823197375 0.68072315 0.5823827828125 0.680123309375 0.5544231703125 0.6744927609375 0.5530291328125 0.6743462421875
0 0.5152365578125 0.48582008749999994 0.5181801046875 0.5015289671875001 0.526224575 0.502374475 0.5263271359374999 0.501398671875 0.5239216109375 0.48530098906249997 0.515447009375 0.48381777968749995 0.5152365578125 0.48582008749999994
0 0.5427897359375 0.509461284375 0.552055025 0.51043510625 0.554633915625 0.502125321875 0.5450900953125 0.49920086093749994 0.5431364421875 0.506162590625 0.5427897359375 0.509461284375
0 0.5614059421875 0.7558233828125 0.5512781765625 0.7533300765625001 0.5353990343749999 0.7516611109375 0.5319913781250001 0.752361290625 0.50838239375 0.8029177437499999 0.507826921875 0.80820270625 0.5316801515625 0.8107097812499999 0.5610462671875001 0.7596063515625 0.561431634375 0.7559398265625 0.5614059421875 0.7558233828125