0 0.325 0.4966381828125 0.31174682656249997 0.4993701171875 0.3124292 0.51139404375 0.3263659671875 0.5081152343750001 0.325 0.4966381828125
0 0.445357665625 0.45700439531250003 0.4230395515625 0.45746093749999994 0.421787109375 0.4672509765625 0.44569946250000003 0.463381346875 0.445357665625 0.45700439531250003
0 0.4184851078125 0.4565478515625 0.37282592812500004 0.46429199218750006 0.37362304687500003 0.471350096875 0.4184851078125 0.4654296875 0.4184851078125 0.4565478515625
0 0.879967040625 0.4760888671875 0.86357055625 0.46133056562499997 0.8624780265625 0.48209960937499996 0.8791479484375 0.49303222656249995 0.879967040625 0.4760888671875
0 0.605830078125 0.4751977546875 0.5986914062500001 0.4730004890625 0.5977026375000001 0.4914501953125 0.605006103125 0.49705078125 0.605830078125 0.4751977546875
0 0.49355835 0.4535083015625 0.48634643593750004 0.4540771484375 0.4860620125 0.4612890625 0.4931787109375 0.460529784375 0.49355835 0.4535083015625
0 0.4575964359375 0.45464843750000006 0.44725341875 0.4552172859375 0.44668335 0.461669921875 0.45816528281249996 0.461669921875 0.4575964359375 0.45464843750000006
0 0.4847338875 0.45464843750000006 0.482360840625 0.4540771484375 0.48217163125000007 0.4601513671875 0.4849230953125 0.45958251875 0.4847338875 0.45464843750000006
0 0.6207543953125 0.4896411140625 0.607564696875 0.4852758796875 0.6070910640625 0.4896411140625 0.62037475625 0.49495605468750004 0.6207543953125 0.4896411140625
0 0.48055908125 0.45445800781249995 0.47154418906249995 0.45426757812499996 0.47116455156250003 0.46091064531250003 0.4810327140625 0.460529784375 0.48055908125 0.45445800781249995
0 0.511966553125 0.4540771484375 0.49498168906249995 0.45445800781249995 0.494697265625 0.46109863281249996 0.5118713374999999 0.461669921875 0.511966553125 0.4540771484375
0 0.6574755859375 0.48736328125000006 0.6318566890625 0.481291503125 0.631286621875 0.510895996875 0.6561474609375 0.520764159375 0.6574755859375 0.48736328125000006
0 0.75294921875 0.444763184375 0.7554992671874999 0.428330078125 0.682115478125 0.411330565625 0.67956665 0.4385302734375 0.74076538125 0.44986328125 0.75294921875 0.444763184375
0 0.5168054203125 0.4831127921875 0.50114868125 0.48709960937499996 0.5005798343750001 0.4952587890625 0.5173742671875 0.49032470625 0.5168054203125 0.4831127921875
0 0.5225366203124999 0.457287596875 0.5142016609375 0.455646971875 0.5124255375 0.464665528125 0.5221276859375 0.4663037109375 0.5225366203124999 0.457287596875
0 0.757935790625 0.45160888750000006 0.811314696875 0.469970703125 0.81267578125 0.4468505859375 0.7603161625 0.42373046875 0.758275146875 0.42440917968749997 0.7555554203125 0.44413085937499996 0.757935790625 0.45160888750000006