0 0.49990627343750005 0.4634971734375 0.500601115625 0.450238815625 0.4961963546875 0.450007971875 0.49642063593749997 0.463093178125 0.498635075 0.463430553125 0.49990627343750005 0.4634971734375
0 0.46151290625 0.99177091875 0.46064306562499996 0.9925092531249999 0.4603300609375 0.9984817375 0.46215254375 0.99857725 0.46358643437499997 0.9985696953125001 0.46393608750000004 0.9918979109375 0.46151290625 0.99177091875
0 0.49053094374999995 0.10354526875 0.48386112187499997 0.12827886093750002 0.48377036875 0.13001052500000002 0.49921580624999995 0.13140064375 0.50333449375 0.1108986203125 0.5036837421875 0.104234578125 0.49053094374999995 0.10354526875
0 0.49766667499999995 0.1328918078125 0.4838180046875 0.13216603124999998 0.48185754531249997 0.1321368609375 0.47891356093750004 0.1469568734375 0.4968311390625 0.1488347859375 0.49766667499999995 0.1328918078125
0 0.4888730875 0.286324225 0.49285859218750006 0.21027628437499998 0.467842821875 0.2089652640625 0.46429238437500003 0.27671165468750003 0.46463233125 0.285053821875 0.4888730875 0.286324225
0 0.46839464062499997 0.3049423109375 0.46984525312500003 0.3364642265625 0.485615946875 0.3389013890625 0.4866295640625 0.3195604234375 0.4863790671875 0.30588483593750004 0.46839464062499997 0.3049423109375
0 0.49397819531250003 0.38036912031250003 0.4954904078125 0.3515144 0.48200396406249996 0.3508076046875 0.476352175 0.35292694375 0.47631679218749995 0.35360209062500003 0.47957130000000003 0.3797781078125 0.49048366562499995 0.3803500015625 0.49397819531250003 0.38036912031250003
0 0.4773015546875 0.36831650625 0.47692595468750004 0.3590702 0.4629190578125 0.3583361296875 0.46385004218750003 0.3765711671875 0.4647869296875 0.37662026718749997 0.47686098593750004 0.3767230703125 0.4773015546875 0.36831650625
0 0.47895502656250005 0.389416834375 0.4770666171875 0.38504000625 0.46742119375 0.3845345109375 0.46731058281250004 0.3866451109375 0.46757296249999997 0.3910644296875 0.47883774062500006 0.3916547921875 0.47895502656250005 0.389416834375
0 0.500033784375 0.1499478859375 0.4754726953125 0.14866069375 0.46197596562500004 0.20702730468750002 0.4954010203125 0.2087790375 0.49795640468749996 0.1895866578125 0.500033784375 0.1499478859375
0 0.49769787499999996 0.10241580312500001 0.5025320015625 0.10227906406250001 0.5032064562499999 0.089409721875 0.5018995015625001 0.089341228125 0.49464560625000004 0.0899737125 0.49169133125000003 0.10210101406250001 0.49769787499999996 0.10241580312500001