0 0.9096838875 0.40549384999999993 0.9131275406249999 0.40566710781250004 0.9148222390624999 0.40527585625 0.9146619453125 0.40385585468749996 0.9133405625 0.3981323140625 0.9089413421874999 0.396443684375 0.908016228125 0.3966572640625 0.9090456484375 0.402729334375 0.9096838875 0.40549384999999993
0 0.598657378125 0.4718131859375 0.5748975078125 0.4792409578125 0.5790364015625 0.4971684734375 0.6032220125000001 0.4915847859375 0.598657378125 0.4718131859375
0 0.7872735718749999 0.4083336015625 0.7851924265625 0.3868550859375 0.7847015125000001 0.3847287046875 0.725963253125 0.3921798359375 0.7223402046875 0.3930162828125 0.7289496328125 0.4216448625 0.73954356875 0.41935294062499995 0.7872735718749999 0.4083336015625
0 0.5333445953125 0.509807490625 0.5333414453125 0.5097425234374999 0.53277065 0.507270134375 0.532149734375 0.505626215625 0.5296350484375 0.5059089171875 0.5307430625 0.5104081015624999 0.5333445953125 0.509807490625
0 0.9022006875 0.405838259375 0.9078923578125 0.404524234375 0.906031790625 0.39646522968750003 0.896369753125 0.395426878125 0.8957299859375001 0.39557458125 0.8967075640625 0.402478240625 0.897488753125 0.40586194375 0.9022006875 0.405838259375
0 0.8344034359375 0.452321415625 0.7872725015625 0.46320245 0.788933290625 0.47039611875 0.836064225 0.459515084375 0.8344034359375 0.452321415625
0 0.541908909375 0.4825113890625 0.5420290171875 0.488333325 0.5408682578125 0.4897195671875 0.542370703125 0.49622737031249997 0.553214484375 0.49372388593750005 0.5601104109375 0.4910165046875 0.5571066 0.4780055703125 0.556535053125 0.4762354140625 0.554484496875 0.47670882187499997 0.541908909375 0.4825113890625
0 0.5612134515625 0.50032119375 0.5612661109375 0.5004872296875 0.570926753125 0.4982568953125 0.569672209375 0.49282286875 0.5682809359375 0.48777392343750003 0.55876579375 0.489719225 0.5612134515625 0.50032119375
0 0.9519039093749999 0.398805109375 0.9507066906249999 0.3936193875 0.9428413156250001 0.39390444375 0.943776821875 0.40055306718750006 0.9463891875 0.400078284375 0.9519039093749999 0.398805109375
0 0.63608631875 0.46586806249999996 0.6374044328124999 0.474413428125 0.6394745046875 0.48337989375 0.6791905218750001 0.476397584375 0.692293975 0.4733724140625 0.6902540765625 0.464536640625 0.6863725109375001 0.4521619546875 0.63608631875 0.46586806249999996
0 0.513214553125 0.5191578984375 0.5202357125 0.51691775625 0.5188827328125 0.5110573578125 0.5070367703125 0.512937884375 0.507744096875 0.5160016515625 0.50898540625 0.520134275 0.513214553125 0.5191578984375