0 0.390626434375 0.4935808421875 0.39095519375 0.49659338125 0.392443609375 0.4966193609375 0.397889671875 0.49589390624999996 0.3964450703125 0.4916784234375 0.39066140312500003 0.49157746874999997 0.390626434375 0.4935808421875
0 0.5484879734375 0.4923280296875 0.541725475 0.49220998906249996 0.5416657953125 0.495629078125 0.5417650218750001 0.4968698515625 0.5483993453125 0.4974054671875 0.5484879734375 0.4923280296875
0 0.3558810765625 0.4699250859375 0.34956173281249997 0.4706918046875 0.349484659375 0.4751073640625 0.34951603750000004 0.47536778125 0.359407503125 0.4743550296875 0.36138480624999997 0.4700211546875 0.3558810765625 0.4699250859375
0 0.38463739375 0.49222393750000004 0.381999415625 0.49263083124999996 0.3819435484375 0.4958314671875 0.38797092499999997 0.496541290625 0.3899478078125 0.49657579687500003 0.3900095890625 0.49303642031250006 0.3899534515625 0.49231672968750007 0.38463739375 0.49222393750000004
0 0.2626409828125 0.5098870765625 0.253790278125 0.5103274343749999 0.25357281249999997 0.52278605625 0.25409480156250003 0.5400204375000001 0.28909568124999996 0.5330387859375 0.289491615625 0.51035575625 0.2626409828125 0.5098870765625
0 0.5394563265625 0.49818332187500003 0.54023414375 0.49418827031249996 0.5338009203125 0.494075978125 0.5337358109375 0.49780615156249997 0.5375747890625 0.4981504796875 0.5394563265625 0.49818332187500003
0 0.5142038171875 0.49722974375 0.5138071375 0.49447860312499997 0.5037322640624999 0.49430274531249996 0.5036623140625001 0.498310153125 0.5042131671875001 0.4983197671875 0.5141926703124999 0.497868315625 0.5142038171875 0.49722974375
0 0.43324853125 0.49183693437500003 0.42653869999999994 0.49070047499999997 0.42437488749999996 0.4906627046875 0.4242752875 0.4963687390625 0.4326402265625 0.49671648749999997 0.4332351484375 0.49260367968749996 0.43324853125 0.49183693437500003
0 0.2896218421875 0.517248403125 0.289752775 0.525643203125 0.290346546875 0.5256535671875 0.298036915625 0.5231640734375 0.2982534421875 0.5107592328125 0.2897377046875 0.510610590625 0.2896218421875 0.517248403125
0 0.34728011406250003 0.49542675 0.348262540625 0.49488555781250004 0.348284853125 0.49360729687499993 0.34803038750000004 0.489580646875 0.34635946562500003 0.4895514796875 0.342954025 0.4904127 0.34286079375 0.4957538890625 0.3448104578125 0.495787921875 0.34728011406250003 0.49542675
0 0.55335596875 0.49761970624999996 0.5544107609375 0.4974928203125 0.5544467703125 0.4954297921875 0.5544619515625 0.4924323046875 0.5502412125 0.49235863125 0.5501983296875 0.49481532968749997 0.5503369375 0.49771582812500004 0.55335596875 0.49761970624999996
0 0.35735020624999997 0.49124655937500006 0.3514451828125 0.49196939687499996 0.351406240625 0.4942003625 0.3516308015625 0.4972154125 0.3604812234375 0.4968061828125 0.3603222578125 0.49129843749999996 0.35735020624999997 0.49124655937500006
0 0.298648128125 0.516854440625 0.30996650937500003 0.516482253125 0.30777103125 0.508419971875 0.30666605625 0.508400684375 0.29875052343749997 0.5109882203125 0.298648128125 0.516854440625
0 0.5693069921875 0.49093765312500004 0.564798659375 0.490858959375 0.5647243390625001 0.495116828125 0.569132571875 0.495193775 0.5692694453125 0.49308868125 0.5693069921875 0.49093765312500004
0 0.381763659375 0.4917839 0.3789076890625 0.49137230781249996 0.3741308546875 0.4912889265625 0.374039984375 0.4964948515625 0.3813350125 0.49645367812499996 0.3817436515625 0.49293014843750005 0.381763659375 0.4917839
0 0.37326494062500004 0.4967856734375 0.3727349640625 0.49126456249999995 0.364738496875 0.49112498281250005 0.3646423171875 0.496635165625 0.37326494062500004 0.4967856734375