0 0.48154296875 0.7196679687499999 0.48311523437500004 0.7174609375000001 0.48689453125000004 0.712421875 0.4994921875 0.711162109375 0.4993359375 0.71494140625 0.494453125 0.71494140625 0.493505859375 0.713837890625 0.487841796875 0.71462890625 0.48469726562500004 0.71951171875 0.48516601562500006 0.7229687499999999 0.52373046875 0.7174609375000001 0.545771484375 0.71462890625 0.54451171875 0.69337890625 0.46438476562500003 0.707861328125 0.46438476562500003 0.7246972656249999 0.47824218749999997 0.723759765625 0.48091796875000004 0.723125 0.48154296875 0.7196679687499999
0 0.6990234375 0.52576171875 0.5939062500000001 0.5172460937500001 0.5934375000000001 0.539580078125 0.7891503906249999 0.555009765625 0.789931640625 0.5335058593750001 0.6990234375 0.52576171875
0 0.9406640625 0.55119140625 0.8896679687500001 0.545302734375 0.8887597656249999 0.565673828125 0.99697265625 0.57939453125 0.996484375 0.55615234375 0.9406640625 0.55119140625
0 0.96994140625 0.603642578125 0.9395312499999999 0.6004296874999999 0.939345703125 0.62291015625 0.9984375 0.628515625 0.9982421875 0.60634765625 0.96994140625 0.603642578125
0 0.6213964843750001 0.5987011718749999 0.796865234375 0.61048828125 0.7959375 0.5857812499999999 0.734736328125 0.5814746093750001 0.64701171875 0.575810546875 0.593056640625 0.57421875 0.5928320312500001 0.598251953125 0.6118750000000001 0.5989355468750001 0.6152734375 0.60255859375 0.6213964843750001 0.5987011718749999
0 0.519384765625 0.64609375 0.5200390625 0.66603515625 0.557294921875 0.656845703125 0.55677734375 0.632578125 0.519384765625 0.64609375
0 0.52021484375 0.592294921875 0.520478515625 0.61328125 0.5568164062500001 0.598857421875 0.5569433593750001 0.5737988281249999 0.52021484375 0.592294921875
0 0.460498046875 0.5809863281250001 0.461025390625 0.598828125 0.483330078125 0.5844042968750001 0.48241210937499995 0.56734375 0.460498046875 0.5809863281250001
0 0.482783203125 0.63203125 0.48474609375 0.6319238281249999 0.48387695312499995 0.611474609375 0.45982421875 0.624052734375 0.45982421875 0.63935546875 0.479609375 0.633564453125 0.482783203125 0.63203125
0 0.54814453125 0.372626953125 0.550244140625 0.376953125 0.5505078125 0.38626953125 0.56650390625 0.389150390625 0.57345703125 0.38272460937499997 0.5733300781249999 0.36646484375 0.6992578125 0.38037109375 0.6992578125 0.38771484375 0.7051660156249999 0.39322265624999997 0.717490234375 0.38771484375 0.71828125 0.3725 0.70109375 0.37118164062500003 0.5733300781249999 0.35623046875000003 0.55509765625 0.3542578125 0.5100976562499999 0.399912109375 0.510498046875 0.41749023437500005 0.5153515625 0.41434570312499996 0.5153515625 0.40555664062499996 0.54814453125 0.372626953125
0 0.45899414062500005 0.669091796875 0.458603515625 0.685087890625 0.482734375 0.6785351562499999 0.48260742187499994 0.6600390625 0.45899414062500005 0.669091796875
0 0.92990234375 0.707236328125 0.8628515625000001 0.70236328125 0.764541015625 0.6926855468750001 0.6942480468750001 0.688603515625 0.694931640625 0.721474609375 0.77494140625 0.7246484375 0.92896484375 0.7327343749999999 0.92990234375 0.707236328125
0 0.53478515625 0.532490234375 0.5184960937499999 0.54375 0.5198046875 0.5626562500000001 0.557744140625 0.5406835937500001 0.557080078125 0.5187109375000001 0.53478515625 0.532490234375