0 0.5665784734375 0.2785691484375 0.56736579375 0.28017536875000004 0.574289646875 0.280891028125 0.5794662921875 0.2759431296875 0.5798994515625 0.2720935296875 0.5768703671875001 0.27133829375 0.5327712171875 0.2669209453125 0.5160138890625 0.26499949375 0.509886903125 0.2895734953125 0.5139039421875 0.2905750546875 0.598931790625 0.2958724453125 0.6033996625 0.2779527890625 0.5847467953125001 0.27330210781250003 0.5832369078124999 0.276683615625 0.5807188765625 0.2788756390625 0.574746009375 0.2838246515625 0.5594962296875 0.281632009375 0.5608141468750001 0.277131940625 0.5665784734375 0.2785691484375
0 0.41984876406250005 0.4361366734375 0.2696431953125 0.3857945078125 0.2162759265625 0.3724885546875 0.2111737984375 0.3929520703125 0.305174475 0.42512065468750004 0.41347980156249997 0.461681184375 0.41984876406250005 0.4361366734375
0 0.10639312187500001 0.354917459375 0.110156046875 0.3558556625 0.11634162968749999 0.331046640625 0.0353392 0.298990415625 0.034841445312500004 0.2988663125 0.0280719921875 0.32601710625 0.061209890625 0.33764555937499996 0.10639312187500001 0.354917459375
0 0.07624717187499999 0.2596282890625 0.047204626562500004 0.24928030625000003 0.0411721609375 0.2734752 0.06994177812499999 0.2840858796875 0.07624717187499999 0.2596282890625
0 0.2229169265625 0.31082274062500004 0.21655158437500002 0.33635273125 0.2796533296875 0.356950065625 0.37180257499999997 0.3864335046875 0.42827991093750006 0.4023211875 0.434765315625 0.376309653125 0.4155605171875 0.370772775 0.412908671875 0.3659486875 0.4053297640625 0.3684912609375 0.239570684375 0.3149749890625 0.2229169265625 0.31082274062500004
0 0.5294058015625 0.32951445 0.5301003578125 0.326274075 0.5165826921875001 0.3229037421875 0.48851280781249995 0.32275498593749996 0.4814074234375 0.3512531234375 0.4816692265625 0.3513183984375 0.52503984375 0.3470253484375 0.5294058015625 0.32951445
0 0.5086165796875 0.3798721625 0.4732068171875 0.3841439625 0.4660310328125 0.4129244609375 0.46615951093749997 0.41295649531249995 0.5086348640625 0.40406457500000004 0.51431261875 0.38129234375 0.5086165796875 0.3798721625
0 0.542630090625 0.438489471875 0.5695520953125001 0.43014089218749996 0.5736323390625 0.411366934375 0.57137035625 0.41080295937500005 0.54758280625 0.41862521406250003 0.542630090625 0.438489471875
0 0.5791579984374999 0.367982815625 0.5621424375 0.3686442765625 0.5582459984375 0.36944805000000003 0.5576873328125 0.369340615625 0.5521916 0.39138279531250003 0.58121923125 0.384428753125 0.5849590453125 0.3694291796875 0.5791579984374999 0.367982815625
0 0.398584509375 0.6091138468749999 0.3942485703125 0.6270900046875 0.26170917031249996 0.577745425 0.2637295953125 0.56964194375 0.2588470046875 0.56196915625 0.24824164999999998 0.5639317593750001 0.2435306109375 0.5828267 0.2571928421875 0.5873898609375 0.39143287187500003 0.63838315625 0.40460442968750004 0.6432532281250001 0.4114653671875 0.6449638515625 0.4709184640625 0.6078821171875 0.4753922484375 0.58993875 0.4723049125 0.5891689906249999 0.4702057234375 0.589909571875 0.46778766093749996 0.5996078859375 0.4232169625 0.627090346875 0.42213355 0.621749740625 0.42441116875 0.6113983359375 0.40788181874999996 0.6039005984375 0.398584509375 0.6091138468749999
0 0.567916709375 0.34144915937500003 0.59480651875 0.33869067343750003 0.599059596875 0.321632509375 0.5912333390625 0.3196812046875 0.573316859375 0.3197903421875 0.567916709375 0.34144915937500003
0 0.17382872968750002 0.1951568453125 0.287570678125 0.2353906953125 0.3514184484375 0.2552028671875 0.360795378125 0.21759405312500002 0.28444903906249996 0.1953932 0.18094280000000001 0.16388845000000002 0.1151627078125 0.14748763125 0.108579559375 0.1738911953125 0.17382872968750002 0.1951568453125
0 0.49872277187499997 0.4525773609375 0.5020504625 0.43391438281249994 0.49756328906249997 0.4327956046875 0.4569842546875 0.44483032656250004 0.450713946875 0.46997915937499996 0.4774327234375 0.46120826875 0.498611575 0.4530233453125 0.49872277187499997 0.4525773609375