0 0.7915502265625001 0.8610125921874999 0.79057675625 0.842437675 0.7532735203125001 0.8427236390624999 0.7542795078125 0.8619190187499999 0.7666841234375 0.8623157687499999 0.7915502265625001 0.8610125921874999
0 0.7433372265625 0.69268753125 0.721097125 0.68744331875 0.7142573984375 0.6878017734374999 0.7144331015625001 0.7098745875 0.7280422515625 0.7119581562499999 0.7443024968749999 0.71110599375 0.7433372265625 0.69268753125
0 0.7944524328125 0.7779311078125 0.7935932390625 0.761536703125 0.7758860765625 0.7580173265625 0.7759398187500001 0.7768446640625 0.7861451359375 0.778366475 0.7944524328125 0.7779311078125
0 0.7454226515625 0.8115991687499999 0.7443556203125 0.7912390015625 0.705822671875 0.7878405140625 0.7070849109374999 0.8119254796875 0.722008540625 0.81282625 0.7454226515625 0.8115991687499999
0 0.7727300921875 0.75904090625 0.7530388296875 0.7531494515625 0.7512001296874999 0.7532458140625 0.752219475 0.7693705343749999 0.7687183859375 0.77306006875 0.7734518046875001 0.7728119999999999 0.7727300921875 0.75904090625
0 0.7458194812500001 0.7400517765625 0.744898278125 0.7224741734375 0.7150831671875 0.716544496875 0.7151002359375 0.7374271218749999 0.7387461796875 0.7404224734375 0.7458194812500001 0.7400517765625
0 0.7909762484375 0.7511612359375001 0.79008564375 0.7341674874999999 0.7723108359374999 0.7312611625 0.7733577484375 0.7512374562499999 0.777440675 0.7518706046875 0.7909762484375 0.7511612359375001
0 0.0336767359375 0.7645360328125 0.050979246874999995 0.7640057265625 0.0670734125 0.7616784921875001 0.08151557968749999 0.76277079375 0.0901431203125 0.7726829328125 0.1180949796875 0.78528069375 0.1150476296875 0.793841475 0.2176087109375 0.7884664765625 0.2155958546875 0.7500588734375 0.1136832734375 0.750355259375 0.012474175 0.7511144 0.014781217187500001 0.7951353953125 0.0164672421875 0.795047034375 0.0336767359375 0.7645360328125
0 0.7691043765625001 0.7491976390625 0.768163509375 0.7312448203125 0.7520794093750001 0.7283209171875 0.7521848421875 0.747145546875 0.7652430234375001 0.7494000046875 0.7691043765625001 0.7491976390625
0 0.74521473125 0.7680721375 0.74430081875 0.7506336546875 0.7153737109375 0.744623328125 0.7154265953125 0.7655040765625001 0.7377226578125 0.76846478125 0.74521473125 0.7680721375
0 0.5780633703125 0.802747603125 0.5763056078125001 0.76920750625 0.4963582671875 0.7684783640624999 0.49698706093749995 0.8044229421875 0.53438454375 0.8050367125 0.5780633703125 0.802747603125
0 0.7801835734375 0.70346343125 0.7531332953125001 0.69509393125 0.748658715625 0.6953284328125 0.7496426406250001 0.71410284375 0.7777866265625 0.7217905734375 0.7811348625 0.7216151 0.7801835734375 0.70346343125