0 0.8682604968750001 0.482041640625 0.8594455375000001 0.48193976875000005 0.8599492109375 0.48914263281250003 0.8687141890625 0.4885297265625 0.8682604968750001 0.482041640625
0 0.8196624234375 0.47195304374999997 0.8488180328125001 0.47423204218750004 0.8509142093750001 0.47408546406249996 0.8502203328125001 0.4641625828125 0.824915559375 0.4609741328125 0.81964234375 0.471665903125 0.8196624234375 0.47195304374999997
0 0.79947799375 0.3427177734375 0.766502153125 0.32970441875 0.7663650296875 0.32971400625 0.7682248515625 0.3563107015625 0.795792265625 0.3645390703125 0.800978528125 0.3641764109375 0.79947799375 0.3427177734375
0 0.8679834812499999 0.48004823124999996 0.867609003125 0.474692925 0.8589600796875001 0.4749974109375 0.859172515625 0.4780353875 0.8597323906250001 0.48062520312499996 0.8679834812499999 0.48004823124999996
0 0.7348894171875 0.460179115625 0.7344922953124999 0.45450000468749996 0.732688884375 0.442201421875 0.6579080328125 0.44464356718750003 0.6562320953125 0.4447607609375 0.6559428625 0.4589078921875 0.6564154734375001 0.4656665484375 0.7348894171875 0.460179115625
0 0.8820675171874999 0.43938390624999996 0.8810352124999999 0.43261917812500006 0.8804272718749999 0.4326616890625 0.8740629078125 0.43365254062499997 0.8733623703125 0.44168830625 0.8821855125000001 0.44107133281250005 0.8820675171874999 0.43938390624999996
0 0.850957696875 0.4136964953125 0.8177917546875 0.4015350015625 0.8163966046875 0.40163255937500003 0.81729233125 0.41444205468749995 0.8487253609375 0.4271716453125 0.8518845234375 0.4269507359375 0.850957696875 0.4136964953125
0 0.715712271875 0.288155190625 0.7021272890625 0.3124579515625 0.7021551921875 0.31285698125 0.755837221875 0.32411955 0.7577073359375001 0.3239887796875 0.757039790625 0.3144424515625 0.7551952875 0.3005814953125 0.715712271875 0.288155190625
0 0.79747775 0.45249957500000004 0.80135558125 0.4522284109375 0.8006538750000001 0.44219353906250003 0.776465165625 0.4374542234375 0.7761046734375 0.43747943125 0.776745171875 0.44863557343749993 0.77679905625 0.44940616406249995 0.79747775 0.45249957500000004
0 0.8112448203125 0.4286915609375 0.8131872250000001 0.428555734375 0.8115347765625 0.4049246046875 0.7725959765625 0.3945113375 0.7665255156249999 0.394935825 0.7665036265625 0.39861118906250004 0.7679826328125 0.41976197187500003 0.8112448203125 0.4286915609375
0 0.5183599640625001 0.49211026875 0.526541196875 0.48790635781249997 0.525798771875 0.477289196875 0.5072275562499999 0.48210778125 0.505963996875 0.49082067656249995 0.506114053125 0.4929665859375 0.5183599640625001 0.49211026875
0 0.6529085218749999 0.37812104375 0.6915310375 0.3784356015625 0.7284423765625 0.375854509375 0.7270947328124999 0.356582290625 0.6616671109375 0.3559145515625 0.6516217453125 0.3597192734375 0.6529085218749999 0.37812104375
0 0.8466831609375 0.4017700921875 0.824022375 0.386511334375 0.8234616906250001 0.386550540625 0.8243463015625 0.3992010625 0.84657625625 0.409706253125 0.847234890625 0.409660196875 0.8466831609375 0.4017700921875