0 0.6805911453125 0.4427682296875 0.6800312500000001 0.4558854171875 0.7148072921875 0.46371354218749994 0.7147565109375 0.44886979218749995 0.6805911453125 0.4427682296875
0 0.8517122390624999 0.49259635468749996 0.8515846359375001 0.498359375 0.8568385421875 0.5001458328124999 0.8564999999999999 0.49437499999999995 0.8517122390624999 0.49259635468749996
0 0.58600390625 0.4497682296875 0.585828125 0.464171875 0.6075065109375 0.46516145781249996 0.6072591140625 0.44899218750000003 0.58600390625 0.4497682296875
0 0.7539687500000001 0.45217708281249996 0.7532057296875 0.465140625 0.7755768234375 0.4727682296875 0.77604296875 0.4601432296875 0.7539687500000001 0.45217708281249996
0 0.7816770828124999 0.461328125 0.78125390625 0.474640625 0.8012096359375 0.48141145781250005 0.8018450515625 0.4700572921875 0.7816770828124999 0.461328125
0 0.65384765625 0.4557838546875 0.6529843750000001 0.4706302078125 0.6739309890625 0.47357812499999996 0.6741341140625 0.4578177078125 0.65384765625 0.4557838546875
0 0.8178593749999999 0.4766666671875 0.8177330734374999 0.48708854218750003 0.8317565109375 0.49242708281249997 0.8320950515625001 0.482859375 0.8178593749999999 0.4766666671875
0 0.8411614578125001 0.48802083281249997 0.8411197921875001 0.4953072921875 0.8495507812499999 0.497765625 0.849296875 0.49157812500000003 0.8411614578125001 0.48802083281249997
0 0.8032005203124999 0.470734375 0.8027773437500001 0.4822578125 0.8170546875 0.48683333281249996 0.8173515625000001 0.4759869796875 0.8032005203124999 0.470734375
0 0.8583632812499999 0.48996874999999995 0.8585755203125001 0.49488281250000005 0.8621341140625001 0.49640885468749996 0.86221875 0.4920885421875 0.8583632812499999 0.48996874999999995
0 0.8329010421874999 0.48413020781249994 0.8329856765624999 0.4929348953125 0.8402721359375 0.4957317703125 0.840484375 0.4869192703125 0.8329010421874999 0.48413020781249994
0 0.5622434890625 0.45301562500000003 0.56203125 0.4614895828125 0.5806380203125 0.462265625 0.5807434890625001 0.45315625 0.5622434890625 0.45301562500000003
0 0.5244895828125 0.45169531249999995 0.5239596359375 0.4598854171875 0.5392447921875 0.4603125 0.5397421875 0.4505651046875 0.5244895828125 0.45169531249999995
0 0.7276197921875001 0.4604609375 0.7267552078125 0.4553776046875 0.7273138015625 0.4530390625 0.7241106765625 0.45212239531250004 0.7236536453125 0.4778489578125 0.7305169265625 0.47876302031250006 0.7314830734375 0.46015625 0.7276197921875001 0.4604609375
0 0.5174739578125 0.45187499999999997 0.51426171875 0.4520729171875 0.5142122390625 0.4587916671875 0.5214192703125 0.45825520781250006 0.5216419265625001 0.451140625 0.5174739578125 0.45187499999999997
0 0.54134375 0.450890625 0.5410807296875 0.4611197921875 0.555171875 0.4615416671875 0.5552604171875 0.4494192703125 0.54134375 0.450890625
0 0.4970638015625 0.4634479171875 0.49691666718749994 0.4683046875 0.507828125 0.4686458328125 0.5078033859375 0.4634973953125 0.4970638015625 0.4634479171875
0 0.7447526046874999 0.45659635468750004 0.7378893234375 0.45558072968749996 0.7374830734375 0.4621901046875 0.7364153640625 0.46452864531250004 0.7335169265625 0.46127343749999994 0.73290625 0.4792734375 0.749125 0.4839505203125 0.7508541671875 0.4584270828125 0.7447526046874999 0.45659635468750004
0 0.863109375 0.4934427078125 0.8628541671875001 0.49759635468749996 0.8665833328125 0.4992057296875 0.8668372390625001 0.4950546875 0.863109375 0.4934427078125
0 0.6135794265625 0.45682812500000003 0.6130494796875 0.4670677078125 0.6402708328125 0.4705286453125 0.6406236984375 0.45958333281249997 0.6135794265625 0.45682812500000003