0 0.008481770312500001 0.4846067703125 0.0083763015625 0.490390625 0.0170299484375 0.4905989578125 0.01711328125 0.48469010468749996 0.008481770312500001 0.4846067703125
0 0.002421875 0.4842890625 0.0023802078125 0.4895260421875 0.00707421875 0.48940104218749997 0.0070950515625 0.4843723953125 0.002421875 0.4842890625
0 0.30070312499999996 0.46902343750000003 0.3005625 0.4766692703125 0.3064635421875 0.4775416671875 0.30681380156250004 0.46992968749999997 0.30070312499999996 0.46902343750000003
0 0.02679296875 0.4856536453125 0.0268138015625 0.49068229218750004 0.0376875 0.49026302031249996 0.0376666671875 0.48498437499999997 0.02679296875 0.4856536453125
0 0.2878177078125 0.4698958328125 0.2878346359375 0.47715885468749997 0.29308984374999997 0.4777161453125 0.2931953125 0.471328125 0.2878177078125 0.4698958328125
0 0.2600078125 0.4723645828125 0.26018359375 0.4801067703125 0.26651953125 0.48035937500000003 0.2664947921875 0.47321875 0.2600078125 0.4723645828125
0 0.0782213546875 0.47276562499999997 0.07814583281250001 0.4811640625 0.1004596359375 0.48081510468750005 0.10040625 0.471015625 0.0782213546875 0.47276562499999997
0 0.10108723906249999 0.4711171875 0.1012434890625 0.48206510468749997 0.1210013015625 0.4823776046875 0.12079296875000001 0.4709088546875 0.10108723906249999 0.4711171875
0 0.0388606765625 0.48343489531249995 0.03877734375 0.4903489578125 0.047828125 0.48971875000000004 0.047932292187499996 0.4824713546875 0.0388606765625 0.48343489531249995
0 0.1273098953125 0.4666328125 0.12725781249999998 0.4746614578125 0.1406028640625 0.4752864578125 0.14055078125 0.4666328125 0.1273098953125 0.4666328125
0 0.2494986984375 0.47095572968750005 0.24748828125000003 0.4705026046875 0.2442942703125 0.4741223953125 0.2444713546875 0.4767369796875 0.24922265625 0.4768385421875 0.2494986984375 0.47095572968750005
0 0.17591015625 0.46496614531249997 0.1757369796875 0.4762630203125 0.18842187500000002 0.47669531249999997 0.1884661453125 0.46583593749999996 0.17591015625 0.46496614531249997
0 0.0176796875 0.48490104218749996 0.0176158859375 0.4913125 0.02494921875 0.4909348953125 0.024865885937500002 0.4843567703125 0.0176796875 0.48490104218749996
0 0.1957643234375 0.4669661453125 0.1959817703125 0.4754791671875 0.21913671875000001 0.47669531249999997 0.21878906250000002 0.4683541671875 0.1957643234375 0.4669661453125
0 0.050026042187499994 0.48708854218750003 0.0499830734375 0.4914036453125 0.06048046875 0.4918229171875 0.0604596359375 0.4869192703125 0.050026042187499994 0.48708854218750003