0 0.3438375796875 0.4075013703125 0.33930041875 0.40533477500000004 0.338402209375 0.4051108265625 0.3374640375 0.40880226249999996 0.336139321875 0.414115403125 0.3418344796875 0.415535365625 0.3438375796875 0.4075013703125
0 0.36395415781249996 0.42330189687499997 0.3652606375 0.4180618921875 0.3577014671875 0.4145261265625 0.3569852234375 0.417398821875 0.3560803890625 0.42133874687499995 0.36395415781249996 0.42330189687499997
0 0.335936796875 0.3946153296875 0.3344325984375 0.40064833593750004 0.339585325 0.4021997625 0.33889942031250003 0.4039956390625 0.34359118906249997 0.40612315 0.3460009125 0.4067239609375 0.3488739390625 0.39520088593749997 0.33732518749999996 0.38992625937500003 0.33720325624999997 0.38989585781249997 0.335936796875 0.3946153296875
0 0.0492433671875 0.3369555140625 0.0650434015625 0.33684638125 0.067268421875 0.3279223171875 0.0688141796875 0.3204941828125 0.0501818 0.3221179078125 0.0467507625 0.3363340375 0.0492433671875 0.3369555140625
0 0.25121684375000003 0.3196977984375 0.2309191109375 0.3133008796875 0.2184191046875 0.310184278125 0.215824040625 0.320592509375 0.2274889125 0.323703021875 0.24888796875 0.3290384046875 0.25121684375000003 0.3196977984375
0 0.254354025 0.3717721375 0.250708371875 0.3877492515625 0.2594505 0.3899289078125 0.263414265625 0.3740311078125 0.254354025 0.3717721375
0 0.27109834374999997 0.3798870484375 0.26852189531250004 0.39022061875 0.2883887203125 0.395173975 0.29094865 0.384906659375 0.287532659375 0.383984584375 0.27109834374999997 0.3798870484375
0 0.1005101171875 0.354522140625 0.11144567968750001 0.3561175453125 0.1133602328125 0.348438690625 0.112940934375 0.348334146875 0.09310821875 0.34559448125 0.09144578125 0.35226214843750003 0.1005101171875 0.354522140625
0 0.25507715000000003 0.36628049687500003 0.233589984375 0.36040351875 0.20553206249999997 0.35340789375 0.1990579109375 0.37937429843750003 0.23748749375 0.3889558703125 0.2488362875 0.3913112328125 0.25507715000000003 0.36628049687500003
0 0.3542840359375 0.41807651874999996 0.35682476875 0.40788619531250003 0.35040778906250003 0.4054116796875 0.34781007656249996 0.41583053437500006 0.3476796421875 0.41642985781249997 0.3542840359375 0.41807651874999996
0 0.3654729609375 0.4160818421875 0.3669655890625 0.41009523750000004 0.359479428125 0.40626664999999995 0.35768404375 0.4134675484375 0.36147588124999996 0.4150852578125 0.3654729609375 0.4160818421875
0 0.0384827828125 0.3435060953125 0.028791157812500003 0.3434450515625 0.0274155828125 0.34896218437500004 0.033736040625000005 0.35053805 0.03666391875 0.3508011578125 0.0384827828125 0.3435060953125
0 0.2992466921875 0.3933782171875 0.29653811874999997 0.4042417140625 0.31044489531249997 0.40770906250000005 0.312958021875 0.3976294609375 0.304947040625 0.3947994734375 0.2992466921875 0.3933782171875
0 0.3272645140625 0.4102140578125 0.32904571250000003 0.40307006406249996 0.32002823125 0.39974094843749997 0.31812584843749997 0.40737098749999995 0.32261375625 0.40905449374999997 0.3272645140625 0.4102140578125
0 0.045286481249999996 0.3480706421875 0.0603697421875 0.34882061875 0.063032225 0.3381419859375 0.059511989062500006 0.3372642921875 0.045322265625000004 0.336951015625 0.042709996875 0.34742825312500003 0.045286481249999996 0.3480706421875
0 0.1681683703125 0.3685768921875 0.1963437984375 0.373897271875 0.19970926093750002 0.36039914375 0.1920675609375 0.3584938546875 0.16851128124999998 0.35406129062499997 0.16508388125 0.3678078421875 0.1681683703125 0.3685768921875
0 0.365306909375 0.424737015625 0.3656240671875 0.42484399218749996 0.372033971875 0.4264421609375 0.3733369 0.42121640156250006 0.36683615625 0.41851361562499995 0.3656335109375 0.42333716250000003 0.365306909375 0.424737015625
0 0.0878649125 0.34405494375 0.06595755 0.34277188125 0.0643627578125 0.34916824062499996 0.0685763375 0.3502188046875 0.0858906421875 0.35197330937500004 0.0878649125 0.34405494375
0 0.1557642609375 0.351584728125 0.1299847328125 0.3489051078125 0.1277339296875 0.3579325828125 0.1356927625 0.35991694375 0.1530243671875 0.3625738421875 0.1557642609375 0.351584728125