0 0.46432102343750004 0.22494079218750002 0.4655671109375 0.2289102359375 0.46970679843749996 0.2281055625 0.47206101250000004 0.2275142953125 0.46897758281249996 0.21706594375 0.4630155734375 0.21822484062499997 0.46432102343750004 0.22494079218750002
0 0.4613580953125 0.19198805624999998 0.45705297656250005 0.1930958046875 0.457939596875 0.19765707187499998 0.45876969531249995 0.1974957171875 0.45952367812499995 0.19718571406250002 0.46246800937500004 0.196102859375 0.4613580953125 0.19198805624999998
0 0.45182589375 0.1585655953125 0.45019748593750003 0.15241579375 0.446586984375 0.153117603125 0.44779815 0.159348509375 0.45182589375 0.1585655953125
0 0.5170286796875 0.2936740828125 0.5218557140625 0.29273580312499997 0.521882459375 0.280740946875 0.516530959375 0.28178117343750003 0.516503065625 0.2909700296875 0.5170286796875 0.2936740828125
0 0.47939295781249996 0.181856596875 0.48103510156249996 0.18602785156249999 0.486726278125 0.1849215984375 0.48666792187499996 0.1846213828125 0.482805496875 0.1773313765625 0.47866961406249997 0.17813531093749999 0.47939295781249996 0.181856596875
0 0.4684841234375 0.25051748125 0.4706346640625 0.2576972734375 0.47899635937499996 0.256071925 0.47800269218749997 0.250959953125 0.47598228281250005 0.24291684687499998 0.4673334921875 0.2445980015625 0.4684841234375 0.25051748125
0 0.4784317921875 0.2935506296875 0.47901646875 0.2977693703125 0.4805921984375 0.305875796875 0.4853575171875 0.3049495125 0.48268706093749997 0.292535934375 0.48219416875 0.2926317421875 0.4784317921875 0.2935506296875
0 0.4798949765625 0.2851085703125 0.4821187421875 0.284613390625 0.48044404218750003 0.2759978109375 0.47135490156250004 0.2777645609375 0.4730959515625 0.28672148750000004 0.47847647968749996 0.28567561874999997 0.4798949765625 0.2851085703125
0 0.473894840625 0.148094690625 0.470537696875 0.1487784296875 0.47232042031250004 0.15794974374999998 0.47645508750000004 0.157146046875 0.473894840625 0.148094690625
0 0.5057260453125 0.29654466875 0.5060853328125 0.30947169375 0.5063760984375001 0.3109675578125 0.5103122124999999 0.3102024546875 0.5107041375 0.31009821249999997 0.5110884609374999 0.2955023203125 0.5057260453125 0.29654466875
0 0.4840560171875 0.26694336875 0.48241589687499997 0.258505684375 0.47646043281250006 0.2596633109375 0.478100553125 0.26810099374999996 0.4840560171875 0.26694336875
0 0.4919559890625 0.1967029953125 0.48754468281249996 0.186513815625 0.48237988749999994 0.18751774999999998 0.483020009375 0.1908108921875 0.4858781109375 0.19788441406249999 0.4919559890625 0.1967029953125
0 0.4677414546875 0.2369915203125 0.4692513296875 0.2423391984375 0.475549996875 0.2411148609375 0.47546490312499995 0.24067709062499998 0.4721644796875 0.2280319828125 0.46622433750000003 0.22918662968749998 0.4677414546875 0.2369915203125
0 0.46744199062499997 0.21291882968750003 0.4676346171875 0.21287195625000002 0.4676310828125 0.2128537796875 0.46558214531250003 0.2082539203125 0.46098760156249996 0.209178290625 0.4619232078125 0.213991571875 0.46744199062499997 0.21291882968750003