0 0.22219401093750002 0.47338541718749994 0.22226171875 0.47963541718749997 0.2328932296875 0.47848177031250005 0.23255338593750002 0.47243489531250005 0.22219401093750002 0.47338541718749994
0 0.2004830734375 0.47580989531249995 0.1964075515625 0.47609375 0.19669010468749998 0.4806796875 0.2013606765625 0.48062239531250006 0.2009635421875 0.4786979171875 0.2004830734375 0.47580989531249995
0 0.1561979171875 0.47945312500000004 0.1561067703125 0.4833854171875 0.16218749999999998 0.48270833281250003 0.162421875 0.4790364578125 0.1561979171875 0.47945312500000004
0 0.29386718749999996 0.4343020828125 0.2937994796875 0.4394635421875 0.3051770828125 0.4417057296875 0.3052799484375 0.4365416671875 0.29386718749999996 0.4343020828125
0 0.18627734375 0.45277864531249995 0.1864752609375 0.45696614531249996 0.19445703125 0.45555208281250004 0.19425911406250002 0.45045572968750003 0.18627734375 0.45277864531249995
0 0.24865234374999998 0.4717552078125 0.24848177031250002 0.48024739531250005 0.2617278640625 0.47895572968750005 0.26138802031249997 0.471078125 0.24865234374999998 0.4717552078125
0 0.2976223953125 0.47427343750000006 0.2978229171875 0.4783489578125 0.3102122390625 0.479 0.3099270828125 0.4740364578125 0.2976223953125 0.47427343750000006
0 0.28939453125000003 0.4758828125 0.28933723906250003 0.4737317703125 0.28144140625 0.4735078125 0.28135546875 0.4826197921875 0.2902994796875 0.48245052031249996 0.2900729171875 0.47950781249999996 0.28939453125000003 0.4758828125
0 0.1563893234375 0.45569791718749997 0.1564231765625 0.4593671875 0.16562760468749999 0.45909374999999997 0.16559375 0.45495052031250005 0.1563893234375 0.45569791718749997
0 0.3059205734375 0.44758072968749996 0.3058736984375 0.45276822968749997 0.3199309890625 0.4550807296875 0.3196236984375 0.4505989578125 0.3059205734375 0.44758072968749996
0 0.2647838546875 0.46822395781250004 0.2647161453125 0.47427083281250004 0.27320703125 0.47379427031250004 0.27300390625 0.46822395781250004 0.2647838546875 0.46822395781250004
0 0.19612760468749998 0.4496640625 0.19629687499999998 0.45504166718750005 0.2067408859375 0.45300260468750003 0.20662760468750002 0.44734375000000004 0.19612760468749998 0.4496640625
0 0.23350390625 0.4723671875 0.23340234375 0.47848177031250005 0.24671614531250002 0.47739322968750003 0.2466145828125 0.47155208281250005 0.23350390625 0.4723671875
0 0.2129895828125 0.47494791718749996 0.21302343750000002 0.4797708328125 0.21798307343749998 0.47936458281250005 0.2177109375 0.4739296875 0.2129895828125 0.47494791718749996