0 0.348007896875 0.5009420921875 0.350835834375 0.501647175 0.368456209375 0.5034144875 0.37959187499999997 0.50220473125 0.3854399421875 0.4787494203125 0.3771020796875 0.4762136984375 0.3549572984375 0.47135485 0.3455544546875 0.46824683125 0.3261028984375 0.4633970140625 0.3200666390625 0.4876071265625 0.323291121875 0.4897265046875 0.348007896875 0.5009420921875
0 0.39891008906250003 0.5102987515625 0.4127721859375 0.5143629890625 0.432032765625 0.5148964671875 0.44337761562500005 0.5126917234375 0.4476227640625 0.4956653609375 0.3950419015625 0.4825554796875 0.3894696171875 0.504904690625 0.39891008906250003 0.5102987515625
0 0.17917402031250002 0.41176626718750003 0.17904353125 0.41037513125 0.1773436171875 0.409702515625 0.16550329375 0.4067503921875 0.1629897625 0.4168316140625 0.16314598281249998 0.41827773125 0.16401896875 0.41967935624999997 0.1691266390625 0.4237085234375 0.169922190625 0.42488956875 0.175490965625 0.42485134062499996 0.178052778125 0.4239213171875 0.1807019265625 0.412706640625 0.18052623125 0.41171862187499997 0.17917402031250002 0.41176626718750003
0 0.21100104218750002 0.42287864375 0.2071288 0.43840936093750005 0.2089229546875 0.439310075 0.21529799062500002 0.444598853125 0.21905495937500002 0.44822483437500005 0.22762331093750002 0.45215296406250005 0.237429840625 0.45471058124999997 0.244057128125 0.4556179703125 0.2492026171875 0.4349805421875 0.2300145625 0.42761924687499997 0.21100104218750002 0.42287864375
0 0.5058518390625 0.5199056875 0.5093030421875 0.5223013671875 0.510654921875 0.5226384296875 0.5128265875 0.522761928125 0.5167152953125 0.5217924078125 0.5197151718749999 0.5198467 0.5222933750000001 0.5106241859375 0.5110239109375 0.50781439375 0.506399221875 0.5070595921875001 0.5048319593749999 0.513345540625 0.5068196453125 0.513712621875 0.5054152015625 0.5189369562499999 0.5058518390625 0.5199056875
0 0.134845696875 0.40163057343749997 0.13793245781250002 0.4032540015625 0.1431146484375 0.40545094375 0.14334770624999998 0.40550905156250006 0.144564190625 0.40920939843750004 0.1461147421875 0.410922190625 0.1462960875 0.41096740625 0.1477148078125 0.4096552328125 0.14941002812499998 0.40945560781249996 0.15159370781249998 0.4000374015625 0.1480604515625 0.398702521875 0.1452738609375 0.397485109375 0.1396794359375 0.3960902625 0.139347140625 0.3965871671875 0.1361752859375 0.399193378125 0.1354434265625 0.39923320625000003 0.134845696875 0.40163057343749997
0 0.15168092500000002 0.41425544375 0.15266987031249998 0.4153709140625 0.15952778750000002 0.41708078593750003 0.16098400468750002 0.4164127875 0.1613552875 0.4149236546875 0.1635712546875 0.40541691249999995 0.1625787203125 0.4041513859375 0.1585094828125 0.40223964843750004 0.1578670609375 0.40203211874999994 0.15318426093749998 0.40086456562499995 0.1503395265625 0.41227417343750006 0.1504104609375 0.412440225 0.15168092500000002 0.41425544375
0 0.48423380156249995 0.5182376515625 0.4915167875 0.520520684375 0.49668773125000004 0.5193586515625 0.5009710859375 0.5172745421875 0.5035581375 0.508485878125 0.498095225 0.5071238218749999 0.49750059843749994 0.5070149640625 0.48692083437499994 0.5050621640624999 0.48393655312500006 0.5170314609375 0.48423380156249995 0.5182376515625
0 0.280962590625 0.449852990625 0.2593883828125 0.441134525 0.25709559375 0.44056286875 0.252064921875 0.4607397921875 0.2526379703125 0.46228222656250006 0.26358408906249997 0.4711897203125 0.2763791578125 0.47763223125 0.2872447 0.48179153281250003 0.3029532921875 0.48102259218750004 0.30412574375 0.47649968125 0.30855448124999996 0.4587369875 0.30438178437499996 0.45866627031249996 0.280962590625 0.449852990625
0 0.4753412484375 0.5152980453125 0.47864199531249996 0.5154472609375 0.4834720828125 0.51833011875 0.486536875 0.5060379046875 0.482052421875 0.50386266875 0.48243580625 0.5026566203125 0.4545089703125 0.495693678125 0.45039010937499996 0.512213528125 0.4753412484375 0.5152980453125
0 0.524476496875 0.51716371875 0.5234101890625 0.517778584375 0.5226263765625 0.5175831578125 0.5223245859375 0.5187935718750001 0.523513465625 0.51908999375 0.5333566015625 0.519283415625 0.539144321875 0.5196053921875 0.540860875 0.512720671875 0.5259045921875 0.5089916515625 0.526214784375 0.5091987828125 0.5268700515625 0.511784153125 0.5266878984375001 0.5140663671875 0.525801228125 0.51551238125 0.524476496875 0.51716371875