0 0.2509114578125 0.44471875 0.2509114578125 0.4576328125 0.2640455734375 0.4607421875 0.2643997390625 0.4478177078125 0.2509114578125 0.44471875
0 0.3021171875 0.4570442703125 0.3015924484375 0.4620104171875 0.3103515625 0.46484375 0.3106588546875 0.4602526046875 0.3021171875 0.4570442703125
0 0.01876171875 0.48019531249999997 0.01858984375 0.4870104171875 0.0321236984375 0.48647135468749997 0.0323203125 0.47985156250000005 0.01876171875 0.48019531249999997
0 0.3341927078125 0.4658072921875 0.33436197968750003 0.4694270828125 0.337109375 0.4705989578125 0.3370130203125 0.467109375 0.3341927078125 0.4658072921875
0 0.32255859375 0.45876822968750003 0.3220481765625 0.46415104218750003 0.32827994843749997 0.46605729218749997 0.3286028640625 0.4620052078125 0.32255859375 0.45876822968750003
0 0.00524609375 0.4711484375 0.0050260421875 0.4765416671875 0.0152747390625 0.47634635468750003 0.0150546875 0.4696276046875 0.00524609375 0.4711484375
0 0.2211497390625 0.43813541718750004 0.2033723953125 0.43494791718750003 0.20369791718750002 0.44322916718750005 0.2178151046875 0.44671874999999994 0.2208307296875 0.44755208281250003 0.2211497390625 0.43813541718750004
0 0.3162942703125 0.4546822921875 0.31620703125 0.45921093749999997 0.3204466140625 0.46159635468750004 0.3206510421875 0.4571692703125 0.3162942703125 0.4546822921875
0 0.28624088593749997 0.45766145781249995 0.28612109375 0.4637916671875 0.2924557296875 0.4654947921875 0.2927109375 0.45922916718750006 0.28624088593749997 0.45766145781249995
0 0.012764323437499999 0.44692708281250004 0.013138020312500002 0.46157552031250004 0.0276484375 0.4582161453125 0.0275078125 0.44244791718750004 0.012764323437499999 0.44692708281250004
0 0.2302213546875 0.44259895781249997 0.22992708281250002 0.45348437500000005 0.2424075515625 0.4560338546875 0.2422356765625 0.4448541671875 0.2302213546875 0.44259895781249997
0 0.3294765625 0.46175520781249996 0.3295807296875 0.4671979171875 0.333046875 0.46861979218750005 0.3330052078125 0.46352604218750004 0.3294765625 0.46175520781249996
0 0.17071354218749998 0.44045833281249996 0.1706328125 0.45189843749999997 0.2099934890625 0.4558802078125 0.2099036453125 0.44537239531250006 0.17071354218749998 0.44045833281249996