0 0.44259333749999996 0.8850779062499999 0.44829714374999996 0.8779099703125001 0.4483809640625 0.8769519000000001 0.44003621875 0.8762218296875 0.43668127187500005 0.8822195140625 0.43647800312499996 0.884542884375 0.44259333749999996 0.8850779062499999
0 0.524219496875 0.0015792281250000002 0.5241441984375 0.0015746125 0.5235671171875 0.0081706796875 0.525193759375 0.026876429687499998 0.5382775046875 0.028021109375 0.5382969578125001 0.0277987578125 0.5357462374999999 0.0025876875 0.524219496875 0.0015792281250000002
0 0.4812454453125 0 0.4809009859375 0.003937190625 0.48089930625 0.0043662359375 0.49308318125 0.0054321874999999995 0.4931053796875 0.0054335359375 0.49316618281249996 0.004738546875 0.49190587812500003 0 0.4812454453125 0
0 0.58839629375 0.3098745625 0.5862620046875 0.3098490578125 0.58615135625 0.3111137765625 0.591583575 0.322485353125 0.5973367406250001 0.322988690625 0.6004560890625 0.323068140625 0.6005182515625 0.322357615625 0.594534809375 0.3104116140625 0.58839629375 0.3098745625
0 0.49900923906249994 0.17920712968750002 0.5031610109375 0.197870003125 0.5123115359375 0.1986705703125 0.51334434375 0.19868688750000002 0.51098843125 0.1758092375 0.499395253125 0.17479496562500002 0.49900923906249994 0.17920712968750002
0 0.546351203125 0.7659033765625 0.5403666359375 0.7433193265625 0.528691146875 0.742297853125 0.5267790328124999 0.7641534125 0.5272587703125 0.76423300625 0.546351203125 0.7659033765625
0 0.4010090375 0.983423275 0.396349165625 0.9829016328125 0.3959144171875 0.987870834375 0.40153807031250005 0.988362840625 0.4010090375 0.983423275
0 0.54610451875 0.61219210625 0.54577561875 0.6159514500000001 0.5546409546875 0.616727065625 0.5581919578125001 0.6056256984374999 0.5582599312500001 0.6048487687499999 0.557255803125 0.60476091875 0.548919821875 0.6041319625 0.54610451875 0.61219210625
0 0.46180208125 0.8507217875 0.4485965703125 0.8682211296875 0.44854214531250003 0.8688432125000001 0.45212759062499996 0.86960648125 0.4572071765625 0.8700508875 0.4732152 0.8531493937500001 0.47333700468749995 0.8517571671875 0.4729073921875 0.8516933765625 0.46180208125 0.8507217875
0 0.5722281 0.5371046578125 0.5631417843750001 0.5365162046874999 0.5617401484375 0.552536975 0.5716625359374999 0.5534050703125 0.5722281 0.5371046578125
0 0.5277092156250001 0.7004330859375 0.5268133671874999 0.700341996875 0.5211661984375 0.6998479343749999 0.5210796515625 0.700837178125 0.521585403125 0.702473328125 0.52647144375 0.7030525140624999 0.5290893343749999 0.70328155 0.529134215625 0.7027685531250001 0.5277092156250001 0.7004330859375
0 0.5917300890625 0.3256781109375 0.595827659375 0.33847711875000003 0.5978280265625 0.338652128125 0.6062098312499999 0.338765296875 0.6062120390625 0.338740071875 0.6011668625000001 0.32346080312500003 0.5919942875 0.3226583078125 0.5917300890625 0.3256781109375
0 0.493503125 0.1418804890625 0.499313509375 0.1743767484375 0.506252975 0.1749838734375 0.5119715125 0.1751740640625 0.5121463265624999 0.1731759265625 0.5092202859375 0.1408510734375 0.4937118921875 0.1394942640625 0.493503125 0.1418804890625
0 0.5771746765625 0.2977899484375 0.5875291875 0.30993572187499996 0.5933370328125 0.31044384375 0.5934754546875001 0.308861684375 0.5842413765625001 0.2980012453125 0.577210009375 0.29738608125 0.5771746765625 0.2977899484375
0 0.555623959375 0.46578621093750006 0.5563159203125 0.4772486515625 0.5630697375 0.477839534375 0.565103275 0.477903865625 0.56241170625 0.4622027375 0.5559518609375 0.4620382875 0.555623959375 0.46578621093750006
0 0.5384894234375001 0.16560928125000002 0.54700270625 0.166354096875 0.5506752578125 0.16638274687500001 0.55161863125 0.157517746875 0.5526722562499999 0.14547475625 0.5401586140625 0.1443799546875 0.5387425421875001 0.16056573125 0.5384894234375001 0.16560928125000002
0 0.57623338125 0.3700590765625 0.5758565859375 0.3723862609375 0.575002690625 0.3821463234375 0.5777746875 0.382388840625 0.5797748734375 0.382446375 0.5813740421875 0.3705088265625 0.57623338125 0.3700590765625
0 0.54558955 0.1762995359375 0.5381624515625 0.176595753125 0.5375246578125 0.1838857609375 0.54471245 0.1845146109375 0.5448707875000001 0.18451503281249998 0.54558955 0.1762995359375
0 0.5241467875 0.036010025 0.5276585390624999 0.060799368750000006 0.5440560421875 0.0622339640625 0.544215784375 0.060408101562500004 0.5401614390625 0.0342148796875 0.5244242984375 0.0328380578125 0.5241467875 0.036010025
0 0.48493853593749997 0.07058234375 0.4908201765625 0.113207178125 0.5065816703125 0.1145861296875 0.5068966406250001 0.1109859953125 0.50138825625 0.0691886984375 0.48518449218750004 0.06777105156249999 0.48493853593749997 0.07058234375
0 0.5300702359375 0.710355465625 0.5286677875 0.704940228125 0.5213855281249999 0.703607353125 0.5211495203125 0.7063049453125 0.521789446875 0.709630990625 0.5300702359375 0.710355465625
0 0.52010420625 0.71825293125 0.519619259375 0.72379589375 0.52208655625 0.7410014281249999 0.5261887359374999 0.74166785625 0.5414746546875 0.7430052015624999 0.533662240625 0.720042475 0.5245760015625 0.7186441625 0.52010420625 0.71825293125
0 0.545539225 0.09004207812500001 0.533935678125 0.0901811453125 0.53358885 0.0941454125 0.53877505 0.13083079687500002 0.551509359375 0.131944903125 0.55344415 0.13200106875 0.5462099484375 0.09010075937499999 0.545539225 0.09004207812500001
0 0.52216629375 0.71034906875 0.5218146109374999 0.7143688140625 0.5223715062500001 0.7182628265625 0.526121946875 0.718779415625 0.533640746875 0.719437225 0.53080476875 0.711295596875 0.5269284296875 0.7107657015625 0.52216629375 0.71034906875
0 0.580774690625 0.359494665625 0.57876820625 0.3434503453125 0.5720684484375 0.3436216703125 0.57184040625 0.346228215625 0.5746032953125 0.3589547390625 0.580774690625 0.359494665625
0 0.5771601828125 0.3624669546875 0.5734542499999999 0.36224690625 0.5732003359375 0.3651491609375 0.573570846875 0.3683188984375 0.5783238093749999 0.368734728125 0.5816413296875 0.36878479375 0.580757753125 0.3627817015625 0.5771601828125 0.3624669546875
0 0.48096621562499997 0.8272185249999999 0.484396634375 0.8278976546875001 0.4941838265625 0.8287539234375 0.5236524250000001 0.7957064890625001 0.5034660375 0.793940409375 0.48146161249999997 0.821556121875 0.48096621562499997 0.8272185249999999
0 0.5459415375 0.2850708625 0.5500779421875001 0.289668490625 0.55715081875 0.2902872875 0.5501156296875 0.2843279484375 0.5498955343749999 0.28430869375 0.546009359375 0.28429565625 0.5459415375 0.2850708625