0 0.6021365750000001 0.7182891828125 0.6025458984375 0.7202148968750001 0.6188179953125 0.71675615625 0.6177556890625 0.6817180859375 0.617099659375 0.6786317093750001 0.6156165578125 0.6788822734375 0.602684528125 0.6816310609375 0.6021365750000001 0.7182891828125
0 0.596007921875 0.8732228953125001 0.595565753125 0.8775913718749999 0.595900465625 0.8791660703125 0.6010029390625 0.87808150625 0.6018467203125 0.8778465609375001 0.602619946875 0.871817465625 0.596007921875 0.8732228953125001
0 0.5766903906249999 0.60672638125 0.5937329859375 0.603103865625 0.5880231515625 0.58040866875 0.5721904890625 0.5835755015624999 0.57363588125 0.5923560453125 0.5766903906249999 0.60672638125
0 0.6062087390625 0.7850010734375 0.606676996875 0.7872040484375 0.6204066390625 0.784285721875 0.6238232640625 0.7605350140625 0.6234279078125 0.758675009375 0.618378715625 0.7594470531249999 0.6091708765625 0.7614042390625 0.6062087390625 0.7850010734375
0 0.605574965625 0.793358625 0.6029981281250001 0.8147328421875001 0.603391246875 0.8165823218750001 0.6043570921875 0.8164324374999999 0.6155831390625 0.8140462671875 0.6202456296875 0.7912574421875 0.6201089953125 0.79061463125 0.6095663390625 0.7925102328125 0.605574965625 0.793358625
0 0.6012016203125 0.675448334375 0.60036875 0.667853075 0.5971920875000001 0.652908046875 0.5810058296875 0.6563485421874999 0.582462303125 0.677358921875 0.5828838000000001 0.6793419078125 0.6012016203125 0.675448334375
0 0.5983133375 0.8511159578124999 0.6011001859375 0.8506251421875 0.6084638906250001 0.8490599375000001 0.611846590625 0.8326752328125 0.600575503125 0.8349296265625 0.5981433359375 0.8503161640625001 0.5983133375 0.8511159578124999
0 0.5967427828125 0.8709007203124999 0.602816890625 0.869609628125 0.6049840140625 0.859763096875 0.5965617546875001 0.8615533031249999 0.5960473671875001 0.86762905 0.5967427828125 0.8709007203124999
0 0.6131241234375 0.83175235625 0.615173471875 0.8176660578125 0.614774978125 0.8157912906250001 0.602503578125 0.8179301484374999 0.600942296875 0.8335932421875001 0.60109450625 0.8343093296875 0.6131241234375 0.83175235625
0 0.6059839515625 0.8830874906249999 0.6071819671875 0.8792527703124999 0.6070410203125001 0.878589665625 0.601547690625 0.8800019734375001 0.600844371875 0.883403775 0.6010022203125 0.884146390625 0.6059839515625 0.8830874906249999
0 0.6063551953124999 0.85874965 0.6076688421875 0.8502936468750001 0.6076423625 0.8501690703125 0.5977001703125 0.8523791 0.596551325 0.859130534375 0.5968976609375 0.8607599109375 0.6063551953124999 0.85874965
0 0.573986103125 0.5776995265625 0.5833922921875 0.5757001796875 0.579383221875 0.5560909640625 0.57007935 0.5578315484374999 0.5712855 0.564994190625 0.573986103125 0.5776995265625
0 0.56666260625 0.53373440625 0.5673584218750001 0.5336227906250001 0.5768397671875001 0.5316074671875 0.5721237328125001 0.5154675875 0.5671203390625 0.516201190625 0.5631166921874999 0.5170521921875 0.56666260625 0.53373440625
0 0.611624359375 0.7281043015625001 0.5885166453124999 0.7330159984375 0.590161434375 0.7407541203125 0.600872165625 0.739053653125 0.610985715625 0.7369039515625 0.6098131 0.7329451890625001 0.6155763359375 0.7306548375 0.6174823796875 0.730703496875 0.61671976875 0.727115696875 0.611624359375 0.7281043015625001
0 0.56968838125 0.5048254578125 0.5622958015624999 0.5063967984375 0.5637823625 0.5133905171875 0.5640348765625001 0.51425785625 0.572259053125 0.512509753125 0.5721293609375 0.511899603125 0.5705915046875 0.508080878125 0.56968838125 0.5048254578125
0 0.568753615625 0.5503652421874999 0.5814640078125 0.547663565625 0.579875634375 0.54019085625 0.5776069046875 0.533267453125 0.5655950296875 0.5355052640625 0.568753615625 0.5503652421874999
0 0.5506332890625 0.5018002218750001 0.5561595453125 0.5006255796875 0.553692796875 0.48902043749999996 0.5481868999999999 0.490190753125 0.5483042359375 0.49084289375 0.5506332890625 0.5018002218750001
0 0.611323540625 0.7583475046875 0.6160009046875 0.7573533 0.6165641265625 0.7506393921875001 0.6160899609375 0.7429598000000001 0.60878500625 0.7440519812499999 0.6059873390625 0.7434362640625001 0.6088707875 0.7395376312499999 0.5918485984374999 0.7425600546875 0.5890835640625001 0.74314778125 0.588012278125 0.7578167828125 0.5888101578125 0.7615705109375 0.611323540625 0.7583475046875
0 0.59963873125 0.8851582 0.5989952265625 0.8882910468749999 0.599254571875 0.88951116875 0.6002274515625 0.8893650171875 0.603444425 0.8886812281250001 0.60432385 0.88441546875 0.6002807390625 0.8850217375 0.59963873125 0.8851582
0 0.5753672375 0.6132167578125001 0.5774760671875 0.6389550265625 0.5783611015625 0.6431187828125 0.5805958828125 0.6427178328125 0.589943234375 0.6407309921875 0.5867369109375 0.6108583171874999 0.5856375265625 0.611033740625 0.5753672375 0.6132167578125001