0 0.4962957671875 0.36485414843749997 0.49667477499999996 0.385606146875 0.5057000265625 0.385921315625 0.5064216109374999 0.36525784375 0.5051762390625 0.3651642609375 0.4962957671875 0.36485414843749997
0 0.51924868125 0.2036224859375 0.526365390625 0.2037154828125 0.526709690625 0.1938560078125 0.520801440625 0.1936496875 0.51924868125 0.2036224859375
0 0.5104601421875 0.23517785937500002 0.51205664375 0.2284659875 0.5121292828125 0.2263858453125 0.5062367328125 0.226180071875 0.503911734375 0.22621015625 0.5044036421875 0.234521503125 0.5104601421875 0.23517785937500002
0 0.4757609625 0.83369125 0.4834749546875 0.8339606281249999 0.48385408124999996 0.823103896875 0.47667746875 0.8228532843749999 0.47596589843750003 0.8278226328124999 0.4757609625 0.83369125
0 0.5091842515625 0.3598692390625 0.5099574687499999 0.3377272171875 0.5049352578125 0.33755183906249997 0.4959013453125 0.3376762859375 0.495282853125 0.35938379062500003 0.5091842515625 0.3598692390625
0 0.4598065125 0.397698340625 0.4573228796875 0.3875215453125 0.44587326093749996 0.38712171562500003 0.4458612140625 0.3874666953125 0.45070899999999997 0.4031664640625 0.4596047125 0.4034771078125 0.4598065125 0.397698340625
0 0.5092346 0.30108733125 0.49587086874999997 0.300620659375 0.49403837968750003 0.3258664328125 0.5079534875 0.326688909375 0.5087651 0.3145320328125 0.5092346 0.30108733125
0 0.5005519375 0.263025275 0.5205511828125 0.2637236640625 0.5213842625 0.2398674234375 0.5029419015625 0.23922340156250002 0.5007543359375 0.2572293578125 0.5005519375 0.263025275
0 0.4604182328125 0.44512054687499997 0.46700638593750005 0.44545605000000005 0.46751869687500003 0.43078537499999997 0.46162121406249995 0.43057943125 0.4604182328125 0.44512054687499997
0 0.4786527890625 0.2102441203125 0.47870923281250005 0.20862778125 0.469753953125 0.20831505625000002 0.4636354359375 0.222520684375 0.46362204218749997 0.222904234375 0.465310684375 0.22303459218750002 0.4724100390625 0.22328250624999998 0.4786527890625 0.2102441203125
0 0.44736179531250003 0.383455021875 0.4548635140625 0.3836096578125 0.45500184375 0.3796484046875 0.4519794375 0.3628775109375 0.4401551140625 0.362464596875 0.4400461953125 0.3655836140625 0.44384833593749995 0.383332328125 0.44736179531250003 0.383455021875
0 0.512396840625 0.2678727125 0.4981116671875 0.26737386406249997 0.49710898124999997 0.2960870640625 0.5097471515625001 0.2965284 0.5120603781249999 0.27750774218749996 0.512396840625 0.2678727125
0 0.4755823640625 0.8374036874999999 0.47723596874999996 0.8511919234375 0.48372346874999994 0.851418471875 0.48411254374999996 0.8402768453125 0.48398351406250006 0.8376970625 0.4755823640625 0.8374036874999999