0 0.8752070312500001 0.5059192703125001 0.8742890624999999 0.5120989578125 0.8792825515624999 0.515359375 0.8800638015625 0.5091119796875 0.8752070312500001 0.5059192703125001
0 0.6108111984375 0.41586718749999996 0.6102473953125 0.42798177031250006 0.6358125 0.4326302078125 0.6363763015624999 0.42065625000000006 0.6108111984375 0.41586718749999996
0 0.8629114578125 0.506734375 0.8634544265624999 0.49681510468749995 0.8554739578125 0.49124479218749995 0.85506640625 0.49606770781250004 0.8563906250000001 0.4977682296875 0.855609375 0.5025885421875 0.8629114578125 0.506734375
0 0.5856692703124999 0.41065625 0.58503515625 0.42446093749999997 0.60475390625 0.4267135421875 0.6052473953125 0.40995312500000003 0.5856692703124999 0.41065625
0 0.5216536453125 0.4171041671875 0.5215130203125 0.4226692703125 0.5279518234375 0.4221041671875 0.5279752609374999 0.41625520781249997 0.5216536453125 0.4171041671875
0 0.8400546875 0.4792239578125 0.8386276046875001 0.49145052031249997 0.8542174484375 0.5008229171874999 0.8551341140625001 0.49029427031250006 0.8400546875 0.4792239578125
0 0.5601302078125 0.4153151046875 0.5598450515625 0.42240625 0.5822200515625 0.4224869796875 0.5821380203125 0.4149869796875 0.5601302078125 0.4153151046875
0 0.8246653640625 0.4684166671875 0.8234388015624999 0.48159375000000004 0.8383489578125 0.4904921875 0.8394049484374999 0.4792161453125 0.8246653640625 0.4684166671875
0 0.6781510421875 0.40444791718750006 0.6770364578125 0.4204114578125 0.7083177078125 0.432734375 0.7099609375 0.41465885468749997 0.6781510421875 0.40444791718750006
0 0.8641757812499999 0.49866406249999995 0.8637330734375 0.5058645828125 0.8719192703124999 0.5108229171875001 0.8723268234375 0.5045729171875 0.8641757812499999 0.49866406249999995
0 0.7683541671875 0.4329791671875 0.7667643234375 0.4501770828125 0.7925221359375 0.4644427078125 0.7939895828125 0.4487109375 0.7683541671875 0.4329791671875
0 0.8013489578125 0.4533020828125 0.8001263015625 0.4657317703125 0.8211497390625 0.4793177078125 0.8225768234374999 0.4672942703125 0.8013489578125 0.4533020828125
0 0.5051458328125 0.42934114531249995 0.5051223953124999 0.4336796875 0.5152408859375 0.43316145781250004 0.5152877609375001 0.4285859375 0.5051458328125 0.42934114531249995
0 0.5448059890625 0.41409114531249996 0.5446432296875 0.4240364578125 0.5575625 0.4241979171875 0.5574401046874999 0.4119713546875 0.5448059890625 0.41409114531249996
0 0.50018359375 0.4344765625 0.5001015625 0.43919791718749995 0.5029947921875 0.439609375 0.5030494796875 0.4344765625 0.50018359375 0.4344765625
0 0.6523489578125 0.41919270781250006 0.65143359375 0.4339817703125 0.6618619796874999 0.43666666718749997 0.6628424484375001 0.4207421875 0.6523489578125 0.41919270781250006
0 0.5302148437499999 0.4166171875 0.5301328125 0.42395572968749995 0.5434609375 0.4237109375 0.5432981765625 0.4150703125 0.5302148437499999 0.4166171875