0 0.572358446875 0.8083229812500001 0.573566425 0.8029511515625 0.5733815578125 0.8016357453125 0.562800365625 0.803122834375 0.5613503671875 0.80917211875 0.5614465578125001 0.8098565484375 0.572358446875 0.8083229812500001
0 0.56004173125 0.8511842250000001 0.5674126953124999 0.8501483046875 0.568071915625 0.8462413796874999 0.5603709546875 0.847212078125 0.559753115625 0.8491306234374999 0.56004173125 0.8511842250000001
0 0.5585313875 0.8670497953125 0.561517253125 0.866868084375 0.5645037937499999 0.8664483546874999 0.565497821875 0.8631619562499999 0.559350221875 0.86389379375 0.5584366968750001 0.8663760375 0.5585313875 0.8670497953125
0 0.557163809375 0.832607621875 0.562263378125 0.8324435078124999 0.5646804453125001 0.8321038109375 0.565894075 0.82629529375 0.5658844984375 0.8262271578125 0.55730950625 0.8272484406249999 0.5569310703125 0.83095159375 0.557163809375 0.832607621875
0 0.5656542906250001 0.7941751984375001 0.572410396875 0.793225690625 0.5769544984375 0.7729567140625 0.5692345453125001 0.7740416828125001 0.5651868109375 0.7908488984375001 0.5656542906250001 0.7941751984375001
0 0.5742744890625 0.7471613796875001 0.5745687078125 0.7492548609374999 0.5890431781250001 0.74722060625 0.5944820671875 0.7198672828125 0.594067125 0.7169148125 0.582638403125 0.718341375 0.5796921578124999 0.7187554421875 0.5742744890625 0.7471613796875001
0 0.5618626109375 0.8565369859375 0.5681845546875001 0.8556484953125001 0.5701787406250001 0.8506620312500001 0.563132746875 0.85150130625 0.561772859375 0.855898365625 0.5618626109375 0.8565369859375
0 0.563242875 0.8416467203125 0.5634830828124999 0.8433558890624999 0.5702239546875 0.8424085218749999 0.5738783890625 0.8317831046874999 0.573835534375 0.8314781703125 0.5710539640625 0.83174223125 0.565423225 0.8325335796875001 0.563242875 0.8416467203125
0 0.569764546875 0.772097640625 0.5822078390625001 0.77034885 0.586057746875 0.7513792953125 0.571040721875 0.7534898 0.568816278125 0.765350353125 0.569764546875 0.772097640625
0 0.5711551578125 0.6060458359374999 0.570167503125 0.5943819718750001 0.5697250781250001 0.59123395625 0.558507703125 0.5928651281249999 0.5588120109375 0.5991226953125001 0.560005225 0.60761285625 0.5711551578125 0.6060458359374999
0 0.5569057609375 0.8725906984374999 0.562003671875 0.8718742328125 0.5638268921875 0.86774534375 0.5576213796875 0.8686174718749999 0.5567618875 0.8715669875 0.5569057609375 0.8725906984374999
0 0.585624878125 0.688542909375 0.584388003125 0.7069713203125 0.5849809453125 0.711190325 0.5879630859375 0.710916053125 0.5955153984375 0.7098546453125001 0.5984457078125 0.6872421390625 0.5983945859375 0.6868783828125 0.5966316171875 0.6869960140625 0.585624878125 0.688542909375
0 0.5660508296875 0.8623582796875 0.5676138109375 0.8575405734375 0.567596703125 0.8574188453125 0.5613528203125 0.858060359375 0.5600343171875 0.86253670625 0.5601262609375001 0.8631909234374999 0.5660508296875 0.8623582796875
0 0.5063012359375 0.23110014531249998 0.5013644078125 0.232180934375 0.501791746875 0.235221615625 0.5051792609375 0.2439441046875 0.5109501109375 0.243133065625 0.5116138265625 0.2429821 0.50835850625 0.230811015625 0.5063012359375 0.23110014531249998
0 0.565598384375 0.8247636578125 0.5687752828125 0.814481325 0.568764225 0.8144026421874999 0.5592391453125 0.8157413046875 0.557561915625 0.8240350640624999 0.5578179890625 0.8258571218749999 0.565598384375 0.8247636578125
0 0.570960821875 0.6315792390625 0.5708986375 0.65470955625 0.5718714171875 0.6616312453125001 0.5819060125 0.660220975 0.5814933953125 0.6303545140625 0.57840694375 0.6305327546874999 0.570960821875 0.6315792390625