0 0.8323854171875 0.4981328125 0.8241484375000001 0.4974739578125 0.8242148437499999 0.5044583328125001 0.8323854171875 0.504328125 0.8323854171875 0.4981328125
0 0.8164869796875 0.4801614578125 0.7929856765625 0.47551822968749996 0.78724609375 0.4853541671875 0.8166236984375 0.4897265625 0.8164869796875 0.4801614578125
0 0.7763372390625001 0.3616328125 0.7468242187499999 0.34753124999999996 0.74616796875 0.3711432296875 0.7766653640625 0.3826197921875 0.7763372390625001 0.3616328125
0 0.8323203124999999 0.49128125 0.8240833328124999 0.491015625 0.8249401046875 0.4965520828125 0.8320559890625001 0.4966848953125 0.8323203124999999 0.49128125
0 0.7064557296875 0.4518463546875 0.6349661453125 0.4492213546875 0.6331627609375 0.46889843750000004 0.7077669265625001 0.46889843750000004 0.7064557296875 0.4518463546875
0 0.847640625 0.45228906249999995 0.84108203125 0.4528359375 0.8398515625 0.46048697968749996 0.8483229171875 0.46048697968749996 0.847640625 0.45228906249999995
0 0.8207226562500001 0.4326119796875 0.7901158859375 0.4189479171875 0.7887500000000001 0.4298802078125 0.82017578125 0.44518229218750005 0.8207226562500001 0.4326119796875
0 0.7369114578125 0.31890885468749997 0.7009283859375001 0.3047421875 0.6864791671875 0.3268411453125 0.738328125 0.3415755203125 0.7369114578125 0.31890885468749997
0 0.7711236984375 0.45611458281250006 0.74816796875 0.4501015625 0.74803125 0.4607604171875 0.7708502609375001 0.46567968750000005 0.7711236984375 0.45611458281250006
0 0.7835572921875 0.4227760421875 0.7435221359375 0.40911197968749996 0.74174609375 0.4323385421875 0.7839674484375 0.44409114531249994 0.7835572921875 0.4227760421875
0 0.5086380203124999 0.48008854218749997 0.5088346359375 0.4710364578125 0.4915208328125 0.4741848953125 0.4891588546875 0.48480989531249996 0.5001770828125001 0.4836302078125 0.5086380203124999 0.48008854218749997
0 0.6395572921875 0.3836354171875 0.7072747390624999 0.3888828125 0.7064557296875 0.3698645828125 0.6487395828125 0.3652734375 0.6377539062500001 0.3685520828125 0.6356223953125 0.3711744796875 0.6395572921875 0.3836354171875
0 0.8171705734374999 0.42113541718749997 0.7965377609375001 0.40501302031249997 0.7964010421875 0.4167630203125 0.8173072921875001 0.4285130203125 0.8171705734374999 0.42113541718749997