0 0.3743033859375 0.47397135468749996 0.3743294265625 0.4781119796875 0.37780598906249996 0.47824218749999997 0.37783203125 0.47391927031250003 0.3743033859375 0.47397135468749996
0 0.21912500000000001 0.453625 0.2192721359375 0.47573697968750006 0.24870312499999997 0.47309895781250005 0.24892317656250001 0.453625 0.21912500000000001 0.453625
0 0.3023815109375 0.4608880203125 0.3023815109375 0.4683619796875 0.31665234375 0.46995052031249995 0.3165338546875 0.46224218749999996 0.3023815109375 0.4608880203125
0 0.38189453125 0.4756901046875 0.3818424484375 0.4784244796875 0.3847200515625 0.4787109375 0.38464192656249996 0.4757942703125 0.38189453125 0.4756901046875
0 0.3183880203125 0.46277083281250003 0.3184466140625 0.467890625 0.3307161453125 0.4688333328125 0.33059765625000004 0.46418489531249996 0.3183880203125 0.46277083281250003
0 0.2805390625 0.4574869796875 0.2804505203125 0.46431510468750004 0.3000572921875 0.46547916718750004 0.300234375 0.4591822921875 0.2805390625 0.4574869796875
0 0.3478502609375 0.47329427031250004 0.34919921875000004 0.47407291718750005 0.35038411406250003 0.47484635468749997 0.35132421875 0.475703125 0.3549609375 0.4760755203125 0.3547565109375 0.46638802031250004 0.3480950515625 0.46520312500000005 0.3424973953125 0.46434375 0.3424739578125 0.47130208281249997 0.3454596359375 0.47153906250000005 0.3476458328125 0.47215364531250004 0.3478502609375 0.47329427031250004
0 0.25434375 0.4323072921875 0.25447135468750004 0.44789843749999997 0.2774765625 0.45044010468750006 0.27722265625000003 0.4351015625 0.25434375 0.4323072921875
0 0.34159765625 0.4711692703125 0.34159765625 0.46675781250000004 0.34078125 0.4665911453125 0.34053515624999997 0.4656119796875 0.3400859375 0.465125 0.339453125 0.464265625 0.33902343749999997 0.46434375 0.3383697921875 0.4648333328125 0.3376953125 0.4656119796875 0.33714453125 0.46618750000000003 0.3345078125 0.4658203125 0.3316888015625 0.4652473953125 0.3326484375 0.4658203125 0.3335065109375 0.46843489531250004 0.3337317703125 0.4703098953125 0.34159765625 0.4711692703125
0 0.35661458281249997 0.46920052031250004 0.3567057296875 0.47526822968750004 0.362734375 0.4762578125 0.36276041718749996 0.47008593750000005 0.35661458281249997 0.46920052031250004
0 0.2550221359375 0.450015625 0.2551067703125 0.4621328125 0.2792565109375 0.4629817703125 0.2792135421875 0.4517109375 0.2550221359375 0.450015625
0 0.3638671875 0.47339322968750003 0.3638541671875 0.4773515625 0.3693619796875 0.4777682296875 0.3692447921875 0.47347135468749996 0.3638671875 0.47339322968750003