0 0.3960109125 0.444812228125 0.3966669328125 0.449279225 0.40041769374999997 0.44875209062500004 0.3997813890625 0.444224546875 0.3960109125 0.444812228125
0 0.256537259375 0.4417768390625 0.22412282499999997 0.446332390625 0.227473121875 0.47017099375000004 0.23607346875 0.46896229375000004 0.2595857015625 0.463467634375 0.256537259375 0.4417768390625
0 0.331529496875 0.4402772 0.3196765125 0.440757484375 0.3157958515625 0.44130287656249995 0.317076925 0.45041818281249996 0.32404269375 0.4502479078125 0.3327586328125 0.44902296249999996 0.331529496875 0.4402772
0 0.404507434375 0.44545355156250005 0.4048663375 0.44841556093749996 0.4079595125 0.44798084375 0.40756052187499997 0.4451418859375 0.404507434375 0.44545355156250005
0 0.34788664375 0.4457421109375 0.347201309375 0.44086569999999997 0.333535084375 0.44119595 0.3343515359375 0.447005309375 0.3425840203125 0.44648734687499997 0.34788664375 0.4457421109375
0 0.3131359234375 0.43983647656249997 0.2948333953125 0.4407847125 0.29139684374999997 0.4412676875 0.2925115328125 0.4491991015625 0.3018310078125 0.44846187656250003 0.3141056984375 0.44673678125 0.3131359234375 0.43983647656249997
0 0.366552665625 0.4389775546875 0.3616265828125 0.43890340781250003 0.3600267203125 0.439128253125 0.3611046578125 0.4469872078125 0.3645674734375 0.44678201093750003 0.3671752453125 0.44714547812500005 0.3675963984375 0.44844105624999997 0.369270865625 0.44913055625 0.3707563296875 0.4498404296875 0.37167918437499997 0.4504815265625 0.375328546875 0.44996864218750005 0.373823825 0.4392619921875 0.366552665625 0.4389775546875
0 0.2871687734375 0.4337786640625 0.28488477031250004 0.41752713437500005 0.2592561140625 0.41798606562499996 0.26185618125 0.4364865125 0.269502403125 0.4362615109375 0.2871687734375 0.4337786640625
0 0.3515672921875 0.44751724531250003 0.35435995937500003 0.4474305296875 0.359993184375 0.44663883125000003 0.35933736562499996 0.44197243124999996 0.3592720546875 0.44196842187499996 0.35881953437499997 0.4408561015625 0.3582087359375 0.4403571109375 0.3573701828125 0.4395016046875 0.3570104125 0.43955216718749995 0.3568253984375 0.4396132921875 0.356134953125 0.4402982875 0.3554677640625 0.44132716250000004 0.35491295156249997 0.44209630000000005 0.35174015000000003 0.4421012375 0.348356578125 0.44189645781250003 0.348358640625 0.441911140625 0.34954559375 0.44240966249999997 0.350991090625 0.445346465625 0.3515672921875 0.44751724531250003
0 0.38118155 0.44914605625000004 0.3836798640625 0.448794940625 0.3826812375 0.44168935156250005 0.37913874375 0.4416386015625 0.3759528859375 0.44208634375000005 0.37638633125 0.44517046718750003 0.376978690625 0.4489973296875 0.38118155 0.44914605625000004
0 0.2909186453125 0.44710863749999996 0.2892309375 0.43509996875 0.26266820156250004 0.43693836093750005 0.2646916765625 0.450646284375 0.2688162609375 0.45021492500000004 0.2909186453125 0.44710863749999996
0 0.391279065625 0.449459065625 0.390636975 0.44489035625 0.3845381390625 0.4456583671875 0.3851814375 0.45023566718749997 0.38624651718749997 0.45016634375000003 0.391279065625 0.449459065625