0 0.491139134375 0.2073289359375 0.49054882031249997 0.1963069140625 0.48549271093749996 0.196368784375 0.48557225156249995 0.2009257109375 0.4861396921875 0.20741620156249999 0.491139134375 0.2073289359375
0 0.49137667812499997 0.150226646875 0.4906101828125 0.1367205671875 0.48502871093750005 0.1368179921875 0.485264621875 0.15033333437500002 0.49137667812499997 0.150226646875
0 0.5178807359375 0.2024036140625 0.5125458703125 0.20249673437500001 0.5109803828125 0.21167130625000002 0.5108031390625001 0.2122866203125 0.5108361234375 0.214176325 0.5153257578125 0.21409795781250002 0.5171360421875 0.20788789218749998 0.5178807359375 0.2024036140625
0 0.478431196875 0.03596868125 0.47607603281250005 0.036021640625000004 0.47614892031249995 0.0401973828125 0.476471571875 0.04420085625 0.48082533749999995 0.044124860937499996 0.480989159375 0.0441161453125 0.480177615625 0.035938196875 0.478431196875 0.03596868125
0 0.4900586203125 0.17772004375 0.4958114828125 0.177619628125 0.49575245937499995 0.17423814843750002 0.4954518140625 0.1679394453125 0.4898906 0.1680941765625 0.4900586203125 0.17772004375
0 0.48659863750000004 0.10414253437500001 0.4854871828125 0.091073946875 0.4796283375 0.09117621406250001 0.47975150937500005 0.0982327546875 0.48046238125 0.10424964218749999 0.48659863750000004 0.10414253437500001
0 0.50686363125 0.0854969015625 0.50746709375 0.0883891015625 0.5108246000000001 0.088330496875 0.51395356875 0.0879838046875 0.5122231 0.0825986546875 0.5068210953125 0.0830600078125 0.50686363125 0.0854969015625
0 0.5168291218750001 0.10591604375000001 0.5112514531250001 0.10609778593750001 0.51133043125 0.1106223828125 0.5126385171875001 0.11720746562499999 0.5180766984375 0.1171125421875 0.5187979031250001 0.11707282187500001 0.5169856875 0.1059133109375 0.5168291218750001 0.10591604375000001
0 0.5086724203124999 0.047090565625000004 0.5072861171875 0.036471784374999996 0.5025565656250001 0.0365543390625 0.5027422828125 0.0471940765625 0.5086724203124999 0.047090565625000004
0 0.490741653125 0.135711503125 0.48876788125 0.1237447703125 0.48308245312500003 0.1242214765625 0.4831973984375 0.130806759375 0.48370886874999997 0.1358342609375 0.490741653125 0.135711503125
0 0.5087283734375 0.09342341093749999 0.510235875 0.103154646875 0.51429034375 0.1030838765625 0.5162451609375001 0.10290454375 0.5135476 0.0904805484375 0.5086811875 0.090720078125 0.5087283734375 0.09342341093749999
0 0.48283795781250005 0.1596666296875 0.483288578125 0.1650378765625 0.4918487609375 0.16488845937500002 0.4917974375 0.16194820625 0.4908461203125 0.15253709375 0.48271598750000005 0.1526790046875 0.48283795781250005 0.1596666296875
0 0.4866942859375 0.1113986421875 0.483892271875 0.110531475 0.4795912875 0.109873984375 0.4790916671875 0.10988270625 0.47926985625 0.120091103125 0.47997794374999997 0.1200787421875 0.48121058593750005 0.11991367343749999 0.487878278125 0.11874471093750001 0.48787292656250003 0.11843814374999999 0.4866942859375 0.1113986421875
0 0.5096620015625 0.0581477421875 0.511275565625 0.0580269484375 0.51125271875 0.0567180140625 0.5105639937500001 0.04777666875 0.503042475 0.04790795625 0.5032231734375 0.0582601328125 0.5096620015625 0.0581477421875