0 0.29480445 0.45519582031250005 0.296195684375 0.45542601562499996 0.301316290625 0.4555153953125 0.3014515921875 0.4477639328125 0.2950547625 0.44670249999999995 0.2948560703125 0.45223844375000005 0.29480445 0.45519582031250005
0 0.0206045625 0.45868657031250004 0.0093260640625 0.4591903046875 0.009237390625 0.46427041718749995 0.0199650515625 0.46445766875 0.0205040296875 0.4644460953125 0.0206045625 0.45868657031250004
0 0.2873056015625 0.4491913171875 0.28163165 0.44754196874999996 0.2814937703125 0.455441025 0.2871947765625 0.45554053593750005 0.2873056015625 0.4491913171875
0 0.2526383203125 0.4493952640625 0.252686553125 0.457654521875 0.2591853046875 0.4577679578125 0.259314425 0.450370678125 0.2526383203125 0.4493952640625
0 0.0627578875 0.45515420312500005 0.0861048609375 0.4555617265625 0.0862897171875 0.44497126875 0.0845584515625 0.44494105 0.0629123671875 0.4463040171875 0.0627578875 0.45515420312500005
0 0.0867598515625 0.4569313234375 0.1075277984375 0.4572938296875 0.10773635468750001 0.44534562187500004 0.09638936875000001 0.44514755937499995 0.0869666515625 0.44508374375 0.0867598515625 0.4569313234375
0 0.0219140328125 0.45700742656250004 0.021712584375 0.46394490624999996 0.031100721874999997 0.46410877656249994 0.031239806250000002 0.45614063437499996 0.0219140328125 0.45700742656250004
0 0.12831340468750002 0.4410870375 0.11433236875 0.4408429984375 0.11417595 0.449804153125 0.1281569859375 0.45004819218750003 0.12831340468750002 0.4410870375
0 0.24152256562500002 0.45365679375 0.2416360640625 0.45191838593749994 0.2417083671875 0.44777619687500003 0.23958378281249998 0.44726686562499995 0.23622303125 0.4508785609375 0.23617616562500002 0.453563471875 0.24152256562500002 0.45365679375
0 0.1781391875 0.44139185937500003 0.1649883703125 0.4402573921875 0.16477786562500002 0.45231720937500003 0.177944471875 0.4525470328125 0.1781391875 0.44139185937500003
0 0.0071919078124999996 0.464773934375 0.007316271875 0.457649196875 0.000656125 0.4580471859375 0.000540665625 0.4646618796875 0.007114884375 0.464776634375 0.0071919078124999996 0.464773934375
0 0.1858812953125 0.4520049796875 0.1982763890625 0.452901928125 0.209978690625 0.4531061921875 0.21009850000000002 0.44624235624999997 0.210061234375 0.4445822828125 0.1858156203125 0.44263083906249995 0.1858812953125 0.4520049796875
0 0.0443268375 0.460929440625 0.0334644015625 0.4609334625 0.033379832812499996 0.4657783578125 0.044238892187500004 0.46596790312499997 0.0443268375 0.460929440625