0 0.7133098609374999 0.585526428125 0.7148565359375 0.5753253140625 0.710992059375 0.574643903125 0.7093994140625 0.583676246875 0.7133098609374999 0.585526428125
0 0.7235126453125 0.5896153625 0.7255258953125 0.5777738875 0.715295196875 0.5759699390625 0.7135528578125 0.5858512328125001 0.7223122937500001 0.5894037078125 0.7235126453125 0.5896153625
0 0.689363346875 0.5702629 0.6882616968749999 0.57651066875 0.70060045 0.5814732 0.7014995625 0.5730467906250001 0.6938057578125 0.5710462171875 0.689363346875 0.5702629
0 0.65009355625 0.562204021875 0.6491012140625 0.567831871875 0.6502990328125 0.568447428125 0.6514982671875 0.5627252921875 0.6509754437499999 0.5623595234375001 0.65009355625 0.562204021875
0 0.7031703203124999 0.5715628875000001 0.701459453125 0.581265696875 0.7085821109375 0.5834557328125001 0.7103635296874999 0.5737035078125 0.704704315625 0.5718333734375001 0.7031703203124999 0.5715628875000001
0 0.16851740937499998 0.44693981093749996 0.167191428125 0.4544598296875 0.1804451140625 0.4580935828125 0.181738571875 0.450758025 0.1713406171875 0.44743761875 0.16851740937499998 0.44693981093749996
0 0.7852494390625 0.5928429796875 0.78230886875 0.592324478125 0.7802969281250001 0.6037347609375 0.7939683390625001 0.60856229375 0.79743081875 0.609172821875 0.79916423125 0.6020665234375 0.7997960640625 0.59848321875 0.7852494390625 0.5928429796875
0 0.7544935390624999 0.5852381 0.74536831875 0.5832581140624999 0.735993859375 0.5816051437499999 0.734146328125 0.5920830171875 0.7516013921875 0.5971559296875 0.7542613734375 0.586554778125 0.7544935390624999 0.5852381
0 0.7262390453124999 0.5790341906250001 0.7242171546875 0.5905009015625 0.7333277375 0.592813665625 0.7361048765625 0.5808267921875 0.7349010453125 0.580561534375 0.7262390453124999 0.5790341906250001
0 0.92246016875 0.60236398125 0.918349290625 0.6012792218749999 0.9056086531249999 0.5990327046874999 0.9034866125000001 0.6110674 0.9203975734375 0.6134480984375 0.920810075 0.6117221296875 0.92246016875 0.60236398125
0 0.36720717187499996 0.4996891953125 0.3841712515625 0.5031861625 0.38539548749999997 0.496243178125 0.368344921875 0.493236703125 0.36720717187499996 0.4996891953125
0 0.6458389234374999 0.5606029 0.6449039109375 0.5659056203125 0.6488881109375 0.5676976359375 0.649921534375 0.5618368046875 0.64820703125 0.5610204609375 0.6458389234374999 0.5606029
0 0.9407166171875 0.6154171015625 0.9420555046875 0.6156702609375 0.9526214921875 0.6175333296875001 0.9531205640625 0.615025175 0.9542772625 0.608465209375 0.9423143640625 0.606355828125 0.9407166171875 0.6154171015625
0 0.753196115625 0.597420590625 0.7731171140625 0.6037511046875 0.773409928125 0.6038027359375 0.77597286875 0.5924833609375 0.7606508203125 0.587938303125 0.7550424703124999 0.5869494000000001 0.753196115625 0.597420590625
0 0.6674516140625 0.566682909375 0.666935221875 0.569611515625 0.66651565 0.5730182640625 0.67307859375 0.5767515375000001 0.6744247359375 0.5769888984375 0.675576634375 0.570456159375 0.669459075 0.5670368781249999 0.6674516140625 0.566682909375
0 0.18455552343749998 0.458904490625 0.19285962031249998 0.460875715625 0.19766926093749998 0.46172378593749996 0.198707678125 0.45583463437500005 0.1900395625 0.45272021875 0.18577845937499998 0.451968871875 0.18455552343749998 0.458904490625
0 0.8074063562499999 0.5842697390625 0.8069827046875 0.5866723859375 0.8048704250000001 0.604764475 0.8241226578124999 0.6087738171875 0.8278849703125 0.6094372140625001 0.8287026187500001 0.60500946875 0.8316071609375 0.58853699375 0.8074063562499999 0.5842697390625
0 0.146848203125 0.44198439062499995 0.14566159843749998 0.44871396093750004 0.16623595625 0.45344599375000005 0.1675702375 0.4458789140625 0.1606766421875 0.44442271718750004 0.146848203125 0.44198439062499995
0 0.92103659375 0.6096334140625 0.93987471875 0.6129550828125 0.9410283171874999 0.6064127015625 0.9221901921875 0.6030910328125 0.92103659375 0.6096334140625