0 0.8220432546875 0.40697995625 0.8528766609374999 0.40692432500000003 0.8568348953125 0.40593742656250004 0.8567562609375001 0.4054697765625 0.853446921875 0.392196740625 0.820829090625 0.395106071875 0.820542640625 0.3951774921875 0.8219859250000001 0.40675001875000005 0.8220432546875 0.40697995625
0 0.10869213124999999 0.625862021875 0.130941 0.613852396875 0.1281682875 0.6027316515625001 0.10011268749999999 0.6167560921875 0.10266997343749999 0.627012803125 0.10276773125000001 0.627339140625 0.10869213124999999 0.625862021875
0 0.2148966453125 0.5795736546875 0.2206933296875 0.5765893734375 0.22028960312499998 0.574970115625 0.21759767343749997 0.56750255 0.209994359375 0.5708427421875 0.21310407812499998 0.5800205921875 0.2148966453125 0.5795736546875
0 0.03796160625 0.675626428125 0.0293940953125 0.679285559375 0.031192825 0.68649986875 0.040117840625 0.6842746125 0.03796160625 0.675626428125
0 0.7787856140625 0.407852528125 0.778117971875 0.404455878125 0.7767895171875 0.39912773281249997 0.768014165625 0.4006338484375 0.7672089328125 0.4008346140625 0.76821518125 0.408726565625 0.776779559375 0.40835269375000005 0.7787856140625 0.407852528125
0 0.90045403125 0.388836390625 0.9019747562499999 0.3967235578125 0.903772209375 0.40393274999999995 0.9191950390624999 0.41247391406249995 0.9249579453125 0.4158355546875 0.926410465625 0.41547340000000005 0.9262223546874999 0.41339240468750005 0.92448834375 0.40643766406250004 0.9126815625000001 0.397546578125 0.901138865625 0.3886656421875 0.90045403125 0.388836390625
0 0.3397208671875 0.4847809515625 0.3467090640625 0.4816110546875 0.34657688124999997 0.4810808984375 0.3439447328125 0.4736990078125 0.33623715781249996 0.476817728125 0.3391296890625 0.48492834843750005 0.3397208671875 0.4847809515625
0 0.45456176875 0.464354321875 0.46302984843750006 0.4578406390625 0.46159362968749995 0.45208028125000005 0.45997779375 0.447047503125 0.4505281140625 0.4567001390625 0.4533596875 0.46465403437499997 0.45456176875 0.464354321875
0 0.9429374796875001 0.42691665937499995 0.9424059234375 0.42268755625 0.94182070625 0.420340375 0.9341685484375001 0.41438803281250003 0.9339637249999999 0.41443910156249997 0.9354646656250001 0.42325318437500004 0.9424937968749999 0.4270272828125 0.9429374796875001 0.42691665937499995
0 0.322416196875 0.4941891328125 0.3314717140625 0.4885956625 0.32953126718750003 0.480812959375 0.3286896890625 0.48102278906249996 0.31764044375 0.4886368375 0.3199814359375 0.49479618593749997 0.322416196875 0.4941891328125
0 0.7817827859375 0.40893990625 0.7919934953125 0.4073892359375 0.795337303125 0.4065555296875 0.7928795562500001 0.39669805 0.780433440625 0.39980121562500004 0.7816010609374999 0.40821104531249996 0.7817827859375 0.40893990625
0 0.8181139249999999 0.40427244375000004 0.8160064421875 0.3958197921875 0.7977942203125 0.3976826671875 0.8001887171875 0.40728646875 0.8094814765624999 0.40642475468750006 0.8181139249999999 0.40427244375000004
0 0.4706262296875 0.45525536093749996 0.48993851718750003 0.444323484375 0.4866581296875 0.43116656875 0.48656190156249995 0.43119056093749997 0.46628299999999995 0.445006103125 0.4697269171875 0.455479584375 0.4706262296875 0.45525536093749996
0 0.7516037156250001 0.40593527500000004 0.7460153093749999 0.406981396875 0.746929696875 0.41268231875000005 0.7527294312499999 0.41123628281249996 0.75228720625 0.4086766046875 0.7516037156250001 0.40593527500000004
0 0.1006550125 0.6655022578125 0.1223270765625 0.65761685625 0.119189846875 0.6450341171875 0.112839784375 0.6466173656249999 0.08907475625 0.6559057562499999 0.092005146875 0.6676589125 0.1006550125 0.6655022578125
0 0.8008184593750001 0.454993428125 0.8003911828125 0.4523623953125 0.798964909375 0.4466419265625 0.7813512578124999 0.44159114062500004 0.7821403515625 0.44945499375000003 0.79903933125 0.45543701406250003 0.8008184593750001 0.454993428125
0 0.0597845015625 0.6360364953125 0.043034639062500005 0.6421478515625 0.044788478124999996 0.650284396875 0.0508534953125 0.6487722171875 0.0619026953125 0.6445321046875 0.0597845015625 0.6360364953125
0 0.16085875 0.6026681390624999 0.1617561375 0.602383578125 0.161096459375 0.59973775 0.15861835156249998 0.592265275 0.14632000625 0.596079259375 0.14912432656250002 0.605593859375 0.16085875 0.6026681390624999
0 0.028855092187499997 0.66019961875 0.0384763234375 0.654423934375 0.0360141375 0.644548640625 0.0357616046875 0.6446116046875 0.024873240625 0.65150614375 0.027146953125 0.6606255046875 0.028855092187499997 0.66019961875
0 0.1802742921875 0.5966953796875 0.1849916390625 0.595131128125 0.1842581890625 0.5921894156249999 0.1814908953125 0.5862047625 0.17096900937499998 0.5888281625 0.1713751859375 0.5904572499999999 0.17440436406249998 0.5981589171875 0.1802742921875 0.5966953796875
0 0.8922775171874999 0.40474105156249995 0.903155996875 0.40202874218750007 0.8999455546874999 0.3891523609375 0.8685340828125 0.38972042500000004 0.8668082609375001 0.3901507203125 0.8677177046875 0.3972250453125 0.8700141968749999 0.40643576875000004 0.8922775171874999 0.40474105156249995
0 0.0737057875 0.6427915203125 0.085386503125 0.637708071875 0.08197703437500001 0.624033440625 0.07920033125 0.6247257515625 0.06318872343750001 0.6320980265625 0.0663143921875 0.644634403125 0.0737057875 0.6427915203125