0 0.320699165625 0.48807071718749995 0.30347089843749997 0.4871492203125 0.3027846703125 0.48720925781249996 0.3038176515625 0.4990162890625 0.315294096875 0.49872292968750004 0.32158297812500003 0.49817272343749996 0.320699165625 0.48807071718749995
0 0.114873478125 0.5216226140625 0.12230483750000001 0.520061746875 0.12073156874999999 0.5020791874999999 0.10867920625000001 0.50536515625 0.109212284375 0.51145826875 0.11030466406249999 0.5220223328125 0.114873478125 0.5216226140625
0 0.1747999734375 0.5166479828125 0.20819765 0.5114390890625 0.206602790625 0.4932097625 0.1940076875 0.49431169218750004 0.1655847328125 0.49963191562500003 0.1671321375 0.5173188328125 0.1747999734375 0.5166479828125
0 0.320205415625 0.48702642812499997 0.31934248125 0.47716305 0.301845378125 0.4749400171875 0.3029289828125 0.48732567187500003 0.31211643906250003 0.487734121875 0.320205415625 0.48702642812499997
0 0.16300247031249998 0.51151020625 0.16160499687500002 0.4955370140625 0.15998814374999998 0.4956784703125 0.1531916921875 0.49749082656250004 0.15359097187499998 0.5020546218749999 0.1548763203125 0.5122211515624999 0.15841846875 0.5119112546875 0.1571549375 0.4990459890625 0.1590165609375 0.4985094734375 0.16131338281250002 0.5116579812500001 0.16300247031249998 0.51151020625
0 0.2640138078125 0.5010633140625 0.26759524375 0.500749978125 0.268779246875 0.5004013328125 0.277591453125 0.49973689375 0.2763088609375 0.48507680468750003 0.2507425671875 0.487207740625 0.2513718859375 0.49440088125 0.25207233906250004 0.5012120265625 0.2562290765625 0.5013908359375 0.2562811828125 0.495847453125 0.25760928125000004 0.4925793328125 0.25917199375 0.49200863281249996 0.26230868749999997 0.49282194218750003 0.2635800953125 0.4944466328125 0.2640138078125 0.5010633140625
0 0.1066538875 0.500612871875 0.105820675 0.50068576875 0.09287802656250001 0.5049784640625 0.08168449375 0.5080333015625 0.0821878875 0.5137871140625 0.08241758593750001 0.5145945828125 0.09396235625 0.5217164578125 0.0941448984375 0.5266552203125 0.108819971875 0.5253713171875 0.1066538875 0.500612871875
0 0.070710025 0.48122391562500005 0.0927991046875 0.47256539374999995 0.091908834375 0.46238955312499996 0.065083415625 0.47456733125 0.06546879375 0.4805962046875 0.0655631078125 0.48167421250000003 0.070710025 0.48122391562500005
0 0.13545064843750002 0.5171397703125 0.15334881250000001 0.514617721875 0.1518247359375 0.49719745 0.1505886125 0.497305596875 0.1252171078125 0.5027568609374999 0.1265436265625 0.5179190328125001 0.13545064843750002 0.5171397703125
0 0.338581103125 0.4977586109375 0.33785478750000003 0.48945679374999995 0.3209963921875 0.4884018296875 0.32188855625 0.49859931875 0.3297393046875 0.49853216875 0.338581103125 0.4977586109375
0 0.277640409375 0.47116758125 0.2801325703125 0.4996531046875 0.30236192812499996 0.49770828749999996 0.300190103125 0.47288422656250007 0.279753315625 0.470982725 0.277640409375 0.47116758125
0 0.22493994687500002 0.504481834375 0.247600140625 0.501881896875 0.24630285624999998 0.48705388125000004 0.2080460828125 0.490400915625 0.20697082031249997 0.49049738437499996 0.20849319375 0.5059207375 0.22493994687500002 0.504481834375