0 0.3335277953125 0.5514065515625 0.3253912953125 0.55011785625 0.324604753125 0.5550838875 0.3256595859375 0.55525095625 0.3327803234375 0.5561259078125 0.3335277953125 0.5514065515625
0 0.544619896875 0.575507478125 0.541005234375 0.5758099234375 0.5399422921875 0.582521075 0.549530853125 0.5835673265625 0.550582984375 0.5769244328124999 0.5506333890625 0.576459921875 0.544619896875 0.575507478125
0 0.4203545328125 0.5583710796875 0.41952429531249996 0.5636130015624999 0.4262817265625 0.5646832734375 0.4266109359375 0.5626047234375 0.4268085859375 0.5593933015625 0.4203545328125 0.5583710796875
0 0.5040202500000001 0.5719052390625 0.5027811859375 0.5797283859375 0.513140628125 0.5803702484375 0.5135578078124999 0.57773628125 0.5140999609375 0.573501709375 0.5040202500000001 0.5719052390625
0 0.3854780109375 0.5568065437499999 0.3792499421875 0.5563777015625 0.3784304859375 0.5615515375 0.390356771875 0.5621187953125 0.390638 0.56034319375 0.3909718953125 0.5576766890625 0.3854780109375 0.5568065437499999
0 0.5390107937499999 0.578584259375 0.5391300125 0.5771832671875 0.53224906875 0.5760934328125 0.5243292734375 0.5757767296875 0.523762375 0.5793559796875 0.5236686500000001 0.5813808859375 0.53849600625 0.58183449375 0.5390107937499999 0.578584259375
0 0.3504835125 0.5532436390625 0.349696328125 0.5582137281249999 0.3496650125 0.55847469375 0.3592730875 0.5599009359375 0.3600866 0.5547646187499999 0.3504835125 0.5532436390625
0 0.49392980781249995 0.5731351859375 0.4820698265625 0.57125675 0.4812395875 0.5764986703125 0.4816802734375 0.57656846875 0.49317223125 0.5779183437500001 0.49392980781249995 0.5731351859375
0 0.43131016562499996 0.5655790390625001 0.43201966406250003 0.560784278125 0.426886665625 0.559971290625 0.42610108437500005 0.56493125625 0.43131016562499996 0.5655790390625001
0 0.32142061875 0.554308378125 0.3222019828125 0.5481986609375 0.31319816875 0.546772596875 0.3121910953125 0.553131015625 0.32142061875 0.554308378125
0 0.44525036875 0.5694776671875 0.446087228125 0.563860796875 0.43971881249999994 0.5628521390625 0.43892349687500004 0.5678735578125 0.44525036875 0.5694776671875
0 0.48075723437500006 0.576902978125 0.48099535312499997 0.5710865703125 0.469658215625 0.56929094375 0.468762521875 0.57494613125 0.48075723437500006 0.576902978125