0 0.42558821875 0.57654919375 0.42405367656250004 0.57660278125 0.4246175609375 0.5927503093750001 0.445247703125 0.6003232781250001 0.44654805625 0.60027786875 0.44690291249999997 0.58358486875 0.4468918390625 0.5832677609375 0.42558821875 0.57654919375
0 0.23458861718750001 0.476274990625 0.23494087812500003 0.4863624171875 0.25801942499999997 0.49583985156250004 0.257510790625 0.481274465625 0.23987895468749998 0.47609024843750003 0.23458861718750001 0.476274990625
0 0.2314300953125 0.5307105937500001 0.2312184671875 0.5344753843750001 0.2314815890625 0.5420102171875001 0.256028121875 0.5582941796875 0.25607731718750004 0.5582924625000001 0.255502146875 0.541821721875 0.236597540625 0.5305301421874999 0.2314300953125 0.5307105937500001
0 0.2607881703125 0.5476042046875 0.2589762515625 0.5476674781249999 0.2594382125 0.5608962734375 0.28835025000000003 0.5765064125 0.2893853984375 0.5764702640625 0.2906240484375 0.56233024375 0.290599671875 0.5616321859375 0.2607881703125 0.5476042046875
0 0.1934808140625 0.463489221875 0.1937868390625 0.472252640625 0.20911546718750001 0.4764137796875 0.2095589328125 0.46715187187499996 0.19638231718750002 0.4633879 0.1934808140625 0.463489221875
0 0.48801368749999996 0.5231726265625001 0.47949373125 0.52347015 0.47979357499999997 0.5320565687500001 0.487299409375 0.5305992078124999 0.48802721875 0.5235600984375 0.48801368749999996 0.5231726265625001
0 0.40916999687500005 0.503171853125 0.409147215625 0.5080107453125 0.40939834687500004 0.5152022171875 0.4234510453125 0.5166100078125 0.4245164859375 0.5165728015625 0.42403235468749995 0.502709109375 0.42348863124999997 0.5026718359375 0.40916999687500005 0.503171853125
0 0.409174975 0.5291620796875 0.41967191562500006 0.5312476875 0.424696025 0.531072240625 0.42429151093749995 0.517901459375 0.411833340625 0.516162428125 0.4087248078125 0.51627098125 0.409174975 0.5291620796875
0 0.47261140468749996 0.5910196859375 0.4490218125 0.5845480703125 0.44679708749999997 0.5846257593749999 0.44716505937499995 0.5951630828125001 0.47263200312500003 0.6023998921875 0.47269259375 0.59334461875 0.47261140468749996 0.5910196859375
0 0.217030825 0.4692086296875 0.21689957031249998 0.47456640937500005 0.21707303437499997 0.47953378437499994 0.23175310625 0.48464485156250003 0.231341478125 0.4728573625 0.2200471859375 0.4691032953125 0.217030825 0.4692086296875
0 0.45280267656250006 0.5326825953125 0.4683663875 0.5340980484375 0.47118890625 0.533999484375 0.47075930312500003 0.5216972765625 0.46161110625 0.520681515625 0.452394828125 0.5210033546874999 0.45280267656250006 0.5326825953125
0 0.1866802734375 0.46145129687499997 0.1850234953125 0.461509153125 0.18531405781250002 0.4698297703125 0.1901152359375 0.471570671875 0.19077317968750002 0.4715476953125 0.1910919125 0.4642919015625 0.1910701875 0.46366977968749995 0.1866802734375 0.46145129687499997
0 0.476728978125 0.576649203125 0.47675235312500003 0.5793197484375 0.4771035484375 0.5893766921875 0.49066267343750003 0.576506640625 0.4900835203125 0.5660486234375 0.48920994531249995 0.5660791281249999 0.476728978125 0.576649203125