0 0.6613356203125 0.477050140625 0.6632419578125 0.46501400468750004 0.6372989546875 0.45561300625 0.6349998921875 0.47012871875 0.65083006875 0.475386225 0.6613356203125 0.477050140625
0 0.7408669703124999 0.5116452578125 0.7419161796875 0.5071248078124999 0.742644378125 0.5025271484375 0.72904160625 0.4947003125 0.72733731875 0.5054607625 0.7371785921875 0.511061075 0.7408669703124999 0.5116452578125
0 0.7264976562500001 0.5040685171875 0.7282565921875 0.49296303124999996 0.70908545 0.48193883125000003 0.7062681093750001 0.4958424828125 0.7254958 0.5039098390625 0.7264976562500001 0.5040685171875
0 0.63029189375 0.46471208906249994 0.6318592703125 0.45481606562500004 0.6099147125 0.448762584375 0.6067998171875 0.448269234375 0.6055673109375 0.45514867968750006 0.6048874125 0.459441384375 0.6097354828125 0.46049795156249995 0.6116367281249999 0.45873022812500003 0.6134347453125 0.4585212671875 0.6151925796875 0.4552526453125 0.6161007 0.45825591718750003 0.6178626125 0.4615882734375 0.6239561734375 0.46370860937499997 0.63029189375 0.46471208906249994
0 0.6813059046875 0.48316267812499997 0.698368575 0.49139696875 0.70134420625 0.4918682625 0.7031988359375 0.48466647500000004 0.703888925 0.48030943125 0.683856325 0.47096111093750004 0.68149388125 0.4819758375 0.6813059046875 0.48316267812499997
0 0.6150980125000001 0.40585140624999994 0.6410830062499999 0.409967025 0.642802965625 0.39910762499999997 0.63275839375 0.39751672031249996 0.6167269453124999 0.395566728125 0.6150980125000001 0.40585140624999994
0 0.5427357421875 0.4092327703125 0.5437594078125 0.40276960624999997 0.5286611328124999 0.40020145625000003 0.5279661109375 0.40458964843749995 0.527666275 0.406846 0.5427357421875 0.4092327703125
0 0.6456538328125 0.41122946718750003 0.6717344749999999 0.4201226046875 0.6744957546875 0.4205599484375 0.6756491 0.4159631828125 0.6767640796875 0.408923478125 0.6480624046875 0.3994105515625 0.6480544828125 0.399409296875 0.6458008140625 0.4103014625 0.6456538328125 0.41122946718750003
0 0.6118124046875 0.39563769843749996 0.589524521875 0.3965057796875 0.5880628328124999 0.40528006093749996 0.591265328125 0.4057872859375 0.61024820625 0.40551365625 0.6118124046875 0.39563769843749996
0 0.5956225765625 0.4642568296875 0.5999090218750001 0.46493573593750004 0.6013729859375 0.4556926359375 0.5879523640625 0.45323538750000003 0.5801199171875 0.45199485 0.57939535 0.45639706249999995 0.578933690625 0.459311865625 0.5956225765625 0.4642568296875
0 0.5563983203125 0.4116617515625 0.557464578125 0.4049296640625 0.5542762156250001 0.401683859375 0.5465700140624999 0.39950337187499996 0.5452377984375001 0.3992923703125 0.5437295734375 0.4088149296875 0.553442378125 0.4111935765625 0.5563983203125 0.4116617515625