0 0.49849869843750005 0.4600364578125 0.49830208281250005 0.46699999999999997 0.504921875 0.4677838546875 0.5050442703125 0.4599375 0.49849869843750005 0.4600364578125
0 0.7600520828125 0.4643515625 0.7599908859375 0.481921875 0.7809179687500001 0.48777864531250004 0.7813450515625 0.47228125 0.7600520828125 0.4643515625
0 0.4903098953125 0.46047656249999996 0.4901380203125 0.46699999999999997 0.49781250000000005 0.46748958281249997 0.4977877609375 0.4604270828125 0.4903098953125 0.46047656249999996
0 0.6040013015625 0.4465963546875 0.6021705734375 0.47178125 0.6333593750000001 0.4758828125 0.63445703125 0.4485 0.6040013015625 0.4465963546875
0 0.8009375000000001 0.4817578125 0.8004713546875 0.49226562500000004 0.8163177078125001 0.49633333281249997 0.8164023437499999 0.48743489531249995 0.8009375000000001 0.4817578125
0 0.8195377609375001 0.4876901046875 0.8194531250000001 0.496671875 0.8303841140625 0.5002317703125 0.8302565109375 0.4920963546875 0.8195377609375001 0.4876901046875
0 0.5321588546875 0.462734375 0.5306770828125 0.47010677031250003 0.5463098953125 0.47230989531249995 0.5466067703124999 0.462734375 0.5321588546875 0.462734375
0 0.6420585937500001 0.44007031249999995 0.6413268234375 0.45715104218749997 0.6712825515625 0.46215364531249997 0.6718932296875 0.4444609375 0.6420585937500001 0.44007031249999995
0 0.7123437499999999 0.45093750000000005 0.7077057296875 0.4488541671875 0.6869622390625 0.44507291718750003 0.68653515625 0.46361979218749994 0.7142330734375 0.4693541671875 0.7151484375 0.45153906250000003 0.7123437499999999 0.45093750000000005
0 0.50783984375 0.46244010468749996 0.5074479171874999 0.4672942703125 0.5186276046875 0.468078125 0.5185546875 0.4625859375 0.50783984375 0.46244010468749996
0 0.72491015625 0.45397916718750003 0.7241783859375001 0.47203906250000005 0.7463255203125 0.47740625000000003 0.7468125 0.4608125 0.72491015625 0.45397916718750003
0 0.5200416671875 0.4597682296875 0.5192369796875 0.4688359375 0.5296601562500001 0.4700234375 0.53076171875 0.4584140625 0.5200416671875 0.4597682296875
0 0.5693125 0.44615885468750005 0.5682877609375 0.45860416718749997 0.6007942703125 0.4609479171875 0.6018190109375 0.44645052031250004 0.5693125 0.44615885468750005