0 0.6271861984375 0.43678906250000005 0.62684765625 0.44983854218749997 0.6531588546875 0.45407552031250004 0.6537513015624999 0.4417890625 0.6271861984375 0.43678906250000005
0 0.72328125 0.46067708281249997 0.7230703125 0.4705052078125 0.7369661453125 0.47575781250000004 0.73764453125 0.4661848953125 0.72328125 0.46067708281249997
0 0.7014466140625 0.45131249999999995 0.7008606765625001 0.46522135468750003 0.7220182296875 0.4704947921875 0.7221653640625 0.45936458281250003 0.7014466140625 0.45131249999999995
0 0.6031848953125001 0.4422786453125 0.6042864578125 0.43922916718750005 0.605515625 0.4416875 0.6075494796875 0.4443125 0.62119140625 0.4466848953125 0.6215299484375 0.4368567703125 0.5958554687500001 0.4340598953125 0.5956432296874999 0.4442291671875 0.6001770828125 0.44448177031249997 0.6016171875 0.442703125 0.6031848953125001 0.4422786453125
0 0.67508984375 0.4444296875 0.6744309890625 0.4564375 0.6950768234375 0.4625859375 0.6962473953125 0.45043489531249997 0.67508984375 0.4444296875
0 0.6235039062500001 0.3802708328125 0.5976588546875 0.3811875 0.5973411453125 0.3912161453125 0.6131236984374999 0.3907213546875 0.6229388015625 0.3912161453125 0.6235039062500001 0.3802708328125
0 0.5114544265625 0.3989973953125 0.5116276046875 0.40578125 0.5267486984375 0.40577604218749996 0.5266276046875 0.3991666671875 0.5114544265625 0.3989973953125
0 0.6287200515625 0.3799661453125 0.6281692703124999 0.3915729171875 0.6573190109375 0.3965729171875 0.6583776046875001 0.3847942703125 0.6287200515625 0.3799661453125
0 0.5706497390624999 0.38605989531249996 0.570578125 0.39509895781250004 0.5923984375 0.39128645781250004 0.5925039062499999 0.3816822921875 0.5706497390624999 0.38605989531249996
0 0.5702317703124999 0.4421015625 0.5701888015625001 0.4490494796875 0.5912460937499999 0.4517630203125 0.5916276046875 0.44260416718749995 0.5702317703124999 0.4421015625
0 0.5368294265625 0.3967083328125 0.5277552078125 0.3956484375 0.527578125 0.4049010421875 0.5405364578125 0.4059583328125 0.5404309890625 0.3993203125 0.5368294265625 0.3967083328125