0 0.07330503125 0.5169566765625 0.0586300015625 0.520195953125 0.059431171875 0.526706759375 0.06666803593750001 0.525946134375 0.07412058593750001 0.5247161609375001 0.07330503125 0.5169566765625
0 0.004677790625 0.5409828296875 0.00804905 0.5406284953125 0.0076365375 0.536703690625 0.0042909921875 0.5372177953125 0.0044991515624999995 0.5392831984375 0.004677790625 0.5409828296875
0 0.0153015640625 0.54071835 0.014858646875000001 0.536504275 0.012937745312500002 0.53670616875 0.0088049375 0.5374435953125001 0.0092351765625 0.541355953125 0.0153015640625 0.54071835
0 0.1726742421875 0.504578925 0.1865494171875 0.502603903125 0.1855991828125 0.493563034375 0.18122506562500001 0.494022771875 0.16012059843749998 0.49707598124999997 0.16103773593749998 0.505801971875 0.1726742421875 0.504578925
0 0.0231161375 0.5362134562499999 0.023468021875 0.5392919375 0.0292894265625 0.5386800843749999 0.0289032640625 0.5350059828125 0.0231161375 0.5362134562499999
0 0.1263716078125 0.5108657375 0.131225634375 0.509972690625 0.1302319625 0.50051853125 0.122076021875 0.5013757546875001 0.116905075 0.5020893625 0.11792086406249999 0.5117539468750001 0.1263716078125 0.5108657375
0 0.074804203125 0.5149446578125 0.074822753125 0.5151819546875 0.0758526515625 0.5249807921875 0.0906019171875 0.5234305828125 0.089538915625 0.5133168 0.07647142500000001 0.5146902484375 0.074804203125 0.5149446578125
0 0.106269090625 0.5143988078125 0.1053805671875 0.5059450671875 0.0937821828125 0.507746653125 0.0939781265625 0.50961093125 0.094698503125 0.5156149250000001 0.106269090625 0.5143988078125
0 0.2638093 0.49585237031249996 0.263094225 0.4890488796875 0.2469144140625 0.48914951406249996 0.2477871390625 0.49745293437500004 0.2493463328125 0.49737248906250003 0.2638093 0.49585237031249996
0 0.283823846875 0.4849434578125 0.2832713421875 0.47968671875 0.2710784671875 0.4798858109375 0.271669453125 0.48550866406250004 0.27923326249999997 0.48542594843750003 0.283823846875 0.4849434578125
0 0.020949859374999998 0.5404087328125 0.020359303125 0.5347899640625 0.0195589203125 0.5348740875 0.015571226562500002 0.535893171875 0.016170503125 0.5409110625 0.020949859374999998 0.5404087328125