0 0.19886718750000001 0.48263802031249997 0.1988424484375 0.48724739531249994 0.20896614531250002 0.4865598953125 0.208671875 0.48229427031250005 0.19886718750000001 0.48263802031249997
0 0.1450247390625 0.48170572968750003 0.1451966140625 0.4869036453125 0.15730859375 0.4865104171875 0.15725911406249998 0.4812161453125 0.1450247390625 0.48170572968750003
0 0.2154153640625 0.46057031249999997 0.20962890625 0.4587552078125 0.20489583281249998 0.4580208328125 0.2049479171875 0.46248177031250004 0.2126692703125 0.463953125 0.21551562500000002 0.4648359375 0.2154153640625 0.46057031249999997
0 0.053507812499999995 0.4894583328125 0.05352734375 0.4931770828125 0.0609453125 0.49272916718750004 0.060802082812500005 0.4888880203125 0.053507812499999995 0.4894583328125
0 0.1732669265625 0.4779296875 0.1733190109375 0.4825885421875 0.1821940109375 0.4829322921875 0.18199609375 0.47768489531249997 0.1732669265625 0.4779296875
0 0.1037552078125 0.4854635421875 0.1036080734375 0.4909348953125 0.11546875000000001 0.489765625 0.11531770781249999 0.4846979171875 0.1037552078125 0.4854635421875
0 0.09625260468749999 0.4611197921875 0.0965950515625 0.46621875 0.10142578124999999 0.4652890625 0.10091015625 0.45969791718749997 0.09625260468749999 0.4611197921875
0 0.11743359375 0.4571223953125 0.11752213593750001 0.4625963546875 0.1276432296875 0.4608880203125 0.1274375 0.45577083281249997 0.11743359375 0.4571223953125
0 0.05448046875 0.46496875 0.05450390625 0.4694322921875 0.06411588593749999 0.46938281249999997 0.06396874999999999 0.4639401046875 0.05448046875 0.46496875
0 0.1331575515625 0.483078125 0.1335234375 0.48852083281249997 0.1441640625 0.4876380203125 0.1439674484375 0.48151041718750004 0.1331575515625 0.483078125
0 0.10341145781250001 0.4600416671875 0.10355859375000001 0.46460156250000006 0.11483723906250001 0.4630807296875 0.11444531250000001 0.4578828125 0.10341145781250001 0.4600416671875
0 0.15924218750000002 0.4819010421875 0.15948828125 0.4891588546875 0.1704986984375 0.48842447968749997 0.1703502609375 0.48096875 0.15924218750000002 0.4819010421875
0 0.1294309890625 0.48950260468750006 0.1284986984375 0.4838151046875 0.1220234375 0.4847447921875 0.1212174484375 0.4870989578125 0.1204322921875 0.4915130203125 0.12969791718749998 0.4917083328125 0.1294309890625 0.48950260468750006
0 0.0647109375 0.4625078125 0.06493229218749999 0.4692265625 0.0741263015625 0.4688333328125 0.07373437499999999 0.46196875000000004 0.0647109375 0.4625078125