0 0.7640403640625 0.3993177078125 0.7637265625 0.4176692703125 0.7789505203125 0.4225703125 0.7794713546875001 0.4051588546875 0.7640403640625 0.3993177078125
0 0.24561458281249998 0.4287317703125 0.24571874999999999 0.43853385468750006 0.25353906249999997 0.44417447968749996 0.2537473953125 0.43665624999999997 0.24561458281249998 0.4287317703125
0 0.8061627609375 0.4170442703125 0.8055377609375001 0.4298697921875 0.82472265625 0.4374791671875 0.8251393234375 0.42674218750000004 0.8061627609375 0.4170442703125
0 0.6764661453125 0.3877682296875 0.6765403640625001 0.4062369796875 0.7308320312500001 0.4080677078125 0.730921875 0.3905911453125 0.6764661453125 0.3877682296875
0 0.1853489578125 0.386625 0.18480859375 0.40265885468749996 0.21705859374999997 0.4165338546875 0.21705859374999997 0.40355989531249997 0.1853489578125 0.386625
0 0.9371328125 0.5111901046875 0.9369583328125 0.5151354171875 0.9490052078125 0.5144713546874999 0.9491276046875001 0.5112942703125001 0.9371328125 0.5111901046875
0 0.93287109375 0.5102083328125 0.9327135421875001 0.5137005203125 0.93658984375 0.5143645828125 0.9366770828125001 0.5112916671875001 0.93287109375 0.5102083328125
0 0.8288411453125001 0.4221536453125 0.8283203125 0.4375859375 0.8486783859375 0.44594791718750004 0.8500286453125 0.43483072968750003 0.8288411453125001 0.4221536453125
0 0.0305247390625 0.4910416671875 0.0305247390625 0.5055338546875 0.0463736984375 0.5056380203125 0.0457994796875 0.49114583281249996 0.0305247390625 0.4910416671875
0 0.053972656249999994 0.4546328125 0.053972656249999994 0.48727864531250004 0.1022955734375 0.48295572968749995 0.10207942656249999 0.4481458328125 0.053972656249999994 0.4546328125
0 0.527828125 0.4303020828125 0.52778125 0.4371875 0.53969140625 0.4359609375 0.53957421875 0.4291692703125 0.527828125 0.4303020828125
0 0.1777591140625 0.45288541718750003 0.1781341140625 0.48531510468750005 0.21484375 0.48846875 0.2140182296875 0.4585911453125 0.1777591140625 0.45288541718750003
0 0.5508971359375 0.4213229171875 0.5509947921875 0.4316927078125 0.5606783859375 0.43090885468750006 0.5607760421875 0.42142187499999995 0.5508971359375 0.4213229171875
0 0.5283020828125 0.40968229218749996 0.5286927078125 0.41917187499999997 0.5450768234375001 0.4178020828125 0.5445885421875001 0.4090963546875 0.5283020828125 0.40968229218749996
0 0.8503971359375001 0.4438697921875 0.8497018234375 0.4552526046875 0.8626484375000001 0.46229166718750003 0.862953125 0.452125 0.8503971359375001 0.4438697921875