0 0.6611822921875 0.442703125 0.6612252609375 0.4466848953125 0.6689361984375 0.447109375 0.6685130203125 0.44245052031250004 0.6611822921875 0.442703125
0 0.4575286453125 0.4486354171875 0.4578841140625 0.45554947968750004 0.466578125 0.453515625 0.46632421874999996 0.4482291671875 0.4575286453125 0.4486354171875
0 0.5738776046875 0.44840364531250004 0.5743190109375 0.45271875 0.5802291671875001 0.4533567703125 0.58008203125 0.44850260468750003 0.5738776046875 0.44840364531250004
0 0.4915846359375 0.44625520781250005 0.4917903640625 0.45296354218749996 0.5011471359375 0.4522630203125 0.5010585937500001 0.44537760468750004 0.4915846359375 0.44625520781250005
0 0.6074049484375 0.4453203125 0.6075520828125 0.4497317703125 0.6184388015625 0.4487916671875 0.6183802078125 0.4441432296875 0.6074049484375 0.4453203125
0 0.4679817703125 0.44868489531250005 0.4683372390625 0.45336458281249997 0.48196223906249996 0.4518385421875 0.4814036453125 0.4470598953125 0.4679817703125 0.44868489531250005
0 0.6362864578125 0.4427682296875 0.6362864578125 0.4477526046875 0.6454036453125 0.44749999999999995 0.64521484375 0.4426848953125 0.6362864578125 0.4427682296875
0 0.5103854171875 0.44566666718750003 0.5106119796875 0.4503125 0.5216276046874999 0.4503645828125 0.5214192703125 0.4452604171875 0.5103854171875 0.44566666718750003
0 0.5690481765625 0.4480598953125 0.5690976562500001 0.45262239531250004 0.5739518234375 0.4525729171875 0.57370703125 0.44791406250000004 0.5690481765625 0.4480598953125
0 0.6719440109375 0.44245052031250004 0.6721132812499999 0.44795833281249997 0.6807565109375 0.4483802078125 0.6806302078125 0.4421953125 0.6719440109375 0.44245052031250004
0 0.5556848953125 0.4465911453125 0.555734375 0.4518359375 0.56183984375 0.451984375 0.5617421874999999 0.4471302078125 0.5556848953125 0.4465911453125
0 0.5218893234374999 0.44496614531249995 0.5225078125 0.450375 0.5332760421875 0.45043229218749997 0.5328932296875 0.4450182296875 0.5218893234374999 0.44496614531249995