0 0.13166015625 0.4487083328125 0.13116536406249998 0.4571119796875 0.1608854171875 0.46046875 0.1610677078125 0.45229166718749997 0.13166015625 0.4487083328125
0 0.0667213546875 0.45210937500000004 0.0601119796875 0.4529557296875 0.0595611984375 0.4579557296875 0.0568489578125 0.46626041718750005 0.0665520828125 0.46617447968750003 0.0667213546875 0.45210937500000004
0 0.1760091140625 0.44016406249999995 0.17590234375 0.44948437500000005 0.1911549484375 0.45266406249999996 0.191296875 0.4431302078125 0.1760091140625 0.44016406249999995
0 0.26321614531250004 0.46170052031250003 0.26286328124999997 0.47222395781250004 0.27469140625 0.4754713546875 0.2749388015625 0.46586718749999995 0.26321614531250004 0.46170052031250003
0 0.31355078125 0.4733255203125 0.3134088546875 0.4802786453125 0.3178216140625 0.4821510421875 0.3180768234375 0.47534114531249994 0.31355078125 0.4733255203125
0 0.3011705734375 0.467703125 0.3009244796875 0.47398697968750003 0.30985677031250003 0.4779427078125 0.3099270828125 0.471375 0.3011705734375 0.467703125
0 0.2236028640625 0.45132031250000004 0.2233203125 0.4621953125 0.23938411406250001 0.465796875 0.23980859375 0.45541666718749996 0.2236028640625 0.45132031250000004
0 0.28019921875 0.47017447968750004 0.2806575515625 0.47709635468749995 0.2899075515625 0.4799895828125 0.28958984375 0.47271614531250006 0.28019921875 0.47017447968750004
0 0.00022265624999999998 0.4659557296875 0.0001041671875 0.4707890625 0.0096731765625 0.4714036453125 0.00965625 0.46588541718750004 0.00022265624999999998 0.4659557296875
0 0.197828125 0.4444713546875 0.1972630203125 0.4570416671875 0.22077734375000002 0.46127864531249996 0.2212369796875 0.4504036453125 0.197828125 0.4444713546875
0 0.24662239531250002 0.4583125 0.24616276093749997 0.46713802031249996 0.2579908859375 0.47038802031250004 0.25809635468750003 0.46177083281250003 0.24662239531250002 0.4583125
0 0.09683072968749999 0.45422395781249997 0.09616015624999999 0.4648385421875 0.11104687499999999 0.4652057296875 0.1113515625 0.45483333281249994 0.09683072968749999 0.45422395781249997