0 0.550086921875 0.7558080656249999 0.5628870874999999 0.754236403125 0.5597937078124999 0.729042846875 0.547516075 0.73055035 0.5486406406250001 0.7440290484375 0.550086921875 0.7558080656249999
0 0.5527796734375 0.82556743125 0.553233059375 0.818909453125 0.552387565625 0.812023453125 0.552162925 0.8116522875 0.5389476578125 0.812794021875 0.5406981765625 0.827050853125 0.5527796734375 0.82556743125
0 0.5323192625 0.6174037484375 0.5245480734375 0.6183579296875 0.5250908 0.6227780890625 0.5270307203125 0.6315839859375 0.5361599703125 0.6304630546875 0.5335533625 0.6212453859375 0.5323657578125001 0.617958103125 0.5323192625 0.6174037484375
0 0.5723684890625 0.6122157031250001 0.5658634140625 0.613131890625 0.5659979859375001 0.6142278937500001 0.5729418265625 0.6249996484375 0.5834042859374999 0.6237150203125 0.5833248484375 0.6230680625 0.5749469031250001 0.6118991125 0.5723684890625 0.6122157031250001
0 0.592408890625 0.81293091875 0.5954042281249999 0.80489738125 0.5969924546875001 0.7997046390625 0.5886499109375001 0.8004442921875 0.58429615 0.8134608234374999 0.581208203125 0.8174706421875 0.5812612703125 0.8179028468749999 0.582768315625 0.817826021875 0.5884646640625 0.8171265984374999 0.592408890625 0.81293091875
0 0.53407371875 0.6959380890625 0.5377890484375001 0.7261970171875001 0.5583226453125001 0.7236758078125 0.5581237109375 0.7220556078125 0.553878315625 0.6935063890625 0.53407371875 0.6959380890625
0 0.6508187671875 0.797481184375 0.6534511515625 0.793539875 0.646840484375 0.794158521875 0.63176976875 0.810388178125 0.6317780109375 0.8104552999999999 0.637901103125 0.8097034781250001 0.6451794937499999 0.8035233796875 0.6508187671875 0.797481184375
0 0.5385839703124999 0.690783796875 0.553784165625 0.688917446875 0.5537101 0.68831423125 0.5485593296875 0.660775853125 0.535076921875 0.66222118125 0.5385839703124999 0.690783796875
0 0.5444258125 0.6428437140625001 0.5320718453125 0.6443605906250001 0.5325615453125 0.64834888125 0.5352232390625 0.661699109375 0.54834945 0.6600874140624999 0.5479198249999999 0.656588403125 0.5463750046875 0.6509225421875 0.5444258125 0.6428437140625001
0 0.5526256546874999 0.7905413453125 0.55236030625 0.7721187125 0.5509919078125 0.76097399375 0.542132221875 0.762061825 0.5338470015625 0.764638721875 0.5372591109375 0.7924281203125 0.5526256546874999 0.7905413453125
0 0.5675443171875 0.60364568125 0.56529160625 0.6019893078125 0.5617786609375 0.60242064375 0.5586707421875 0.60305340625 0.558824871875 0.6043086921875 0.5642661046875 0.6113162265625001 0.5706185359375 0.610536246875 0.5730770828125 0.6101537968749999 0.5730045375 0.6095629609375 0.5675443171875 0.60364568125
0 0.5514923031250001 0.7921943625 0.5427580375 0.7931213546875 0.5450966765625 0.8121680453125 0.5525339171875 0.811254865625 0.5514923031250001 0.7921943625
0 0.5491146421875001 0.589158509375 0.5505329984375 0.59608883125 0.5555071203125 0.5954780859375 0.555951753125 0.5954062328124999 0.5529901078125 0.583338721875 0.5484682328125 0.5838939375 0.5491146421875001 0.589158509375