0 0.5905768234375001 0.3706276046875 0.5896979171875001 0.38591406250000004 0.6099921875 0.39294270781249996 0.6104322921875001 0.3785338546875 0.5905768234375001 0.3706276046875
0 0.7604765625 0.47220572968749996 0.75996484375 0.48421354218749996 0.7801705734375 0.49094791718749997 0.7808294265625 0.4814322921875 0.7604765625 0.47220572968749996
0 0.76504296875 0.415328125 0.76367578125 0.42807812500000003 0.7846223953125 0.44143229218749996 0.7856888015625 0.42990104218749997 0.76504296875 0.415328125
0 0.7339205734375 0.3974140625 0.7322513015625 0.41077343749999995 0.7598815109375 0.42473958281249996 0.7607916671875 0.4128984375 0.7339205734375 0.3974140625
0 0.80396484375 0.4915338546875 0.8033059890625 0.4992942703125 0.8176549484375 0.5038333328125 0.8180208328124999 0.49578125 0.80396484375 0.4915338546875
0 0.5511653640625 0.43303906249999996 0.55019921875 0.439890625 0.5580260421875 0.4400677078125 0.5579388015625 0.43198437500000003 0.5511653640625 0.43303906249999996
0 0.608578125 0.4481067703125 0.60812109375 0.4595963546875 0.621390625 0.4609192703125 0.62184765625 0.44983593749999995 0.608578125 0.4481067703125
0 0.608375 0.4346848953125 0.60832421875 0.4463776046875 0.6221028640624999 0.44871614531250004 0.6226614578125 0.4379375 0.608375 0.4346848953125
0 0.5668372390624999 0.3677760421875 0.5664309890625 0.3775390625 0.5898684890625 0.384859375 0.5898684890625 0.3752005203125 0.5668372390624999 0.3677760421875
0 0.7839778640625 0.4833359375 0.7836119796875 0.49343750000000003 0.79627734375 0.49812500000000004 0.79686328125 0.4883125 0.7839778640625 0.4833359375
0 0.5663203125 0.43041666718749994 0.5659388015625 0.4407552078125 0.5817421875 0.44304166718750004 0.5826328125 0.4324505203125 0.5663203125 0.43041666718749994
0 0.8208346359375 0.49678385468749997 0.8203046875 0.503375 0.8254244796875 0.506140625 0.8257473953125001 0.4987265625 0.8208346359375 0.49678385468749997
0 0.5493984375000001 0.3905729171875 0.5496028640625 0.40053906250000004 0.56190625 0.3908802078125 0.5622109375 0.37928645781250003 0.5493984375000001 0.3905729171875