0 0.340100396875 0.7877219249999999 0.34067924375 0.7698907 0.33283612812499996 0.768648471875 0.3304628328125 0.7684746625 0.3292698515625 0.7963735140625 0.3384986109375 0.79783520625 0.340100396875 0.7877219249999999
0 0.2751314375 0.8064718109375001 0.2744393 0.7977825828125 0.2691238921875 0.79694070625 0.26703834375 0.7967346765625 0.268041409375 0.8089650484375 0.2746144953125 0.8097356578125 0.2751314375 0.8064718109375001
0 0.39449283125 0.8950054828124999 0.390554971875 0.8791504796874999 0.382959759375 0.877947515625 0.38099888437499996 0.8778518328124999 0.3809187015625 0.8783580828125 0.38519276874999997 0.89678201875 0.39399075156249996 0.8981754828125 0.39449283125 0.8950054828124999
0 0.27159391875 0.7634977859375 0.2679553328125 0.791069215625 0.2748386921875 0.79215943125 0.2791877546875 0.76470053125 0.27159391875 0.7634977859375
0 0.307499553125 0.8427223843749999 0.301958628125 0.8166415609375001 0.28614657656250003 0.814137178125 0.2854031171875 0.8188311984375 0.291406296875 0.8418385171875 0.3072422875 0.8443466921875 0.307499553125 0.8427223843749999
0 0.389608078125 0.8700444125000001 0.4013651875 0.87136709375 0.4019417890625 0.86772656875 0.3991111859375 0.8478087984375 0.3849742640625 0.8455697296875 0.384521340625 0.848429375 0.3876608453125 0.8697360015625 0.389608078125 0.8700444125000001
0 0.3785900828125 0.799493784375 0.393531303125 0.8005208828124999 0.3942559625 0.7959455578125 0.3933618765625 0.77524944375 0.388334 0.77445310625 0.377219634375 0.7736977125 0.378192696875 0.79943084375 0.3785900828125 0.799493784375
0 0.39282036875 0.8409222015625 0.389812709375 0.816624578125 0.380409403125 0.815135240625 0.380286715625 0.815909859375 0.38360992031249996 0.8416574734375001 0.3924813671875 0.8430625734375001 0.39282036875 0.8409222015625
0 0.3119626765625 0.8176574046875 0.31691005 0.8423215015625001 0.3261611390625 0.8434095453125 0.3266901140625 0.8400697218750001 0.32249895781250004 0.8193261875 0.3119626765625 0.8176574046875
0 0.402013065625 0.928328059375 0.3992851625 0.91792134375 0.3961307671875 0.9174217375 0.390174471875 0.916883628125 0.3901389296875 0.9171080343750001 0.3945929390625 0.92882575625 0.4018380421875 0.9294331140625 0.402013065625 0.928328059375
0 0.339935725 0.8444262406249999 0.33581471875 0.8204400749999999 0.332443321875 0.8199060984375001 0.3323828640625 0.82028781875 0.3367677953125 0.8446161062499999 0.33982886562500003 0.8451009328125 0.339935725 0.8444262406249999