0 0.5488049484374999 0.1310311703125 0.5452369140625 0.158327465625 0.5451889140625 0.16107735 0.5533097375 0.1612191 0.5574427515625 0.1316263828125 0.5499006265624999 0.1310502953125 0.5488049484374999 0.1310311703125
0 0.549263925 0.0589349953125 0.5417793609375 0.05628984375 0.54125810625 0.056280743749999994 0.5410867796875001 0.0660960046875 0.5550990046875001 0.0663405890625 0.5543740921875 0.059601015624999996 0.549263925 0.0589349953125
0 0.552511153125 0.191576278125 0.5617575625 0.191737675 0.5650741015625 0.17634818593749998 0.5548196640625 0.17616919375 0.5526128296875 0.1857512453125 0.552511153125 0.191576278125
0 0.5282748328125 0.2751040046875 0.531798603125 0.275258953125 0.537912159375 0.275365665625 0.5423302046875 0.26326815312499996 0.5312580203125 0.2630748875 0.528304340625 0.2734135109375 0.5282748328125 0.2751040046875
0 0.522327321875 0.313712078125 0.5207293140625 0.317395409375 0.5207122359375 0.31837380937500004 0.5213051656250001 0.3184069953125 0.527473484375 0.3185146640625 0.529424753125 0.3142227578125 0.5294293062500001 0.3139618703125 0.52342956875 0.31373131875000004 0.522327321875 0.313712078125
0 0.5317059656249999 0.31047212343749997 0.5353915125 0.30237972812499997 0.5354018265625 0.301788903125 0.52881664375 0.3014248421875 0.5250606734375001 0.30924644843750004 0.5250413109375 0.31035579062499996 0.5317059656249999 0.31047212343749997
0 0.538575603125 0.23996055625 0.540349759375 0.2400625171875 0.5496413125 0.2402247015625 0.5534741859375 0.226402109375 0.5535219296875 0.22366686875 0.5419406828125 0.2234647171875 0.538630365625 0.23682324062500001 0.538575603125 0.23996055625
0 0.5260520046875 0.2810112734375 0.5233169656250001 0.289146215625 0.523299178125 0.29016524375 0.52812714375 0.29024951718750003 0.5304146078125 0.2901908671875 0.533205240625 0.28066901718750004 0.5260520046875 0.2810112734375
0 0.5423185890625 0.008778928125 0.5423979546875 0.0006638953125 0.5369941484375 0.000569571875 0.5368525187500001 0.008683518749999999 0.5423185890625 0.008778928125
0 0.5433509578125 0.2213748234375 0.5470096859375 0.221589546875 0.554148346875 0.22171415312499998 0.56049919375 0.1989310125 0.56052001875 0.19773793281250002 0.5472511718749999 0.19750632343750002 0.5434398625 0.2162814359375 0.5433509578125 0.2213748234375
0 0.53354323125 0.25827110625 0.5421588640625 0.2584214921875 0.5457769906250001 0.2471229625 0.536070659375 0.246446884375 0.5336027750000001 0.25485988125 0.53354323125 0.25827110625
0 0.55157383125 0.11105027187500001 0.5524576078125001 0.096606103125 0.5416163078125 0.095758015625 0.5413528734375 0.11085010312500002 0.542123453125 0.110885315625 0.55157383125 0.11105027187500001