0 0.617674746875 0.8191817546875001 0.6226970546875 0.80404843125 0.62262914375 0.8021037234374999 0.6024134265625001 0.802809671875 0.598047925 0.8185343749999999 0.598094409375 0.819865515625 0.617674746875 0.8191817546875001
0 0.5610250109375 0.2483698625 0.55551034375 0.2567314203125 0.5555315578125 0.257338896875 0.5636704234375001 0.25705468125 0.5718050734375 0.2479688234375 0.5633016546875 0.24826577031250002 0.5610250109375 0.2483698625
0 0.5953345 0.8688607125000001 0.6052287781250001 0.8480828468749999 0.6052104921875 0.8475591984375 0.5901396109375 0.8480854859375 0.583761371875 0.8656392593750001 0.5838878265624999 0.8692604390625001 0.5953345 0.8688607125000001
0 0.6118454343749999 0.7090419203125 0.6119194015625 0.767270565625 0.6306617171875 0.7666160703125 0.6316406390625 0.7082708296875 0.6118454343749999 0.7090419203125
0 0.597671921875 0.21646884531250002 0.61441248125 0.18262551875 0.6143872406249999 0.1819027390625 0.596606403125 0.1819297421875 0.5836736859375 0.214818121875 0.5837483109375 0.21695506875 0.597671921875 0.21646884531250002
0 0.5087275171875 1 0.5092813109375001 0.9999806609374999 0.50907913125 0.9922062468749999 0.504889028125 0.9921719484375 0.5051031796875 0.9983044187500001 0.505258559375 1 0.5087275171875 1
0 0.5057118390625 0.9917226546875 0.5088101890625001 0.9916144593749999 0.5099252546875 0.9875879375000001 0.5056408421875 0.9875628671875001 0.5055803328125 0.9879568421875 0.5057118390625 0.9917226546875
0 0.5836033046875 0.8727631484374999 0.57580735625 0.893988590625 0.5758507484375001 0.8952311453125 0.5839996828125 0.8959413171874999 0.5878491484375 0.8958068906250001 0.6004981875000001 0.8726930578125 0.6004865265625 0.87235913125 0.5950328484375 0.8723640203125 0.5836033046875 0.8727631484374999
0 0.49752037656250003 0.036805209374999995 0.4969258859375 0.0197812375 0.4812929546875 0.0203271515625 0.4818874453125 0.0373511234375 0.49752037656250003 0.036805209374999995
0 0.5021934046875 0.058569659375000006 0.5069327828125 0.09641250312500001 0.5453929859375 0.09506944218749999 0.54485063125 0.07953845000000001 0.5386731140625 0.0434713578125 0.501711234375 0.044762093749999995 0.5021934046875 0.058569659375000006
0 0.5821533015625 0.5632144046875001 0.5804243171875 0.550421378125 0.5733213828125 0.55066941875 0.5735775203125 0.5580042625 0.5743558953125001 0.5634866953125 0.5821533015625 0.5632144046875001
0 0.5064373875 0.17746213125000002 0.5057187078125 0.1915364484375 0.5066174640625001 0.21727345156250003 0.5155850234375 0.216960296875 0.53836618125 0.21553562343750002 0.5431750046875 0.176179225 0.5064373875 0.17746213125000002
0 0.580227803125 0.5803630234375 0.58086515625 0.58575284375 0.5915821609374999 0.5853785984375001 0.5915802765625 0.5853021578125001 0.5912126062499999 0.574773475 0.5865360140625 0.574936784375 0.5800483109375 0.5752230265625 0.580227803125 0.5803630234375
0 0.592893434375 0.558875446875 0.594063609375 0.5685266343750001 0.6041186953125 0.568175503125 0.603729303125 0.5570247765625 0.603236703125 0.5501835953125 0.5926028765625 0.5505549375000001 0.592893434375 0.558875446875
0 0.5702578453125 0.9103922828125001 0.5781673406250001 0.8975390875 0.57811384375 0.89600714375 0.5651432953125 0.8964600859375 0.5587287703125 0.9091631109374999 0.558785684375 0.9107929 0.5702578453125 0.9103922828125001