0 0.500178228125 0.5557644546875 0.49156987812499997 0.5572823390625 0.4873686390625 0.5583793734375 0.4883902359375 0.5641731390625 0.4896737546875 0.5677213531249999 0.50648290625 0.5675062703125 0.5069247421874999 0.5674283625000001 0.50689185625 0.56724185 0.500178228125 0.5557644546875
0 0.512716634375 0.5537316078125001 0.5038395765625 0.5530739859375 0.5023943265625 0.553328821875 0.5032414640625 0.5581331765625 0.5041029 0.5612574453125 0.5141982140625 0.560570921875 0.512716634375 0.5537316078125001
0 0.217055034375 0.5846537109375001 0.21336315 0.5853046890625 0.21716498906249998 0.6068659953125 0.240091665625 0.6100963593750001 0.2448912015625 0.609250071875 0.24254713906249997 0.5959562359375 0.239399684375 0.5869196828125001 0.217055034375 0.5846537109375001
0 0.5133867640625 0.5513905593749999 0.5126084109375 0.551630884375 0.513027890625 0.554009878125 0.5146737953125 0.5590509953125 0.519321065625 0.55823155625 0.5190895515625 0.5569185734375 0.516924128125 0.5507668265625 0.5133867640625 0.5513905593749999
0 0.47497557968750004 0.5628374875000001 0.4710971203125 0.5638175750000001 0.47274497968749996 0.573163053125 0.4888893703125 0.5703163625000001 0.48753208593749997 0.5626188156249999 0.48678508750000005 0.560755153125 0.47497557968750004 0.5628374875000001
0 0.1357132421875 0.5937382125 0.133607634375 0.5950815765625 0.1348106171875 0.6019040265625 0.14187123125 0.6021968359375001 0.141866203125 0.602168325 0.138809978125 0.5931921734375 0.1357132421875 0.5937382125
0 0.28244895468750003 0.594516728125 0.2519504125 0.594859715625 0.24592224218749997 0.5959226453124999 0.24597427187499998 0.6037987375 0.2477582203125 0.6139160109375 0.281714271875 0.613565796875 0.28237357812499997 0.6134495421875 0.28247060468749996 0.5946395156250001 0.28244895468750003 0.594516728125
0 0.3555074671875 0.602306815625 0.351710625 0.603069903125 0.3548611296875 0.6209373015625 0.3963524421875 0.616429871875 0.40179195468750006 0.6154707390625 0.40081676406250005 0.6099401578125 0.39625489062499997 0.5951219453125 0.3555074671875 0.602306815625
0 0.3327850203125 0.6085347140625 0.32383609375 0.5816000796874999 0.287435984375 0.5880184015625 0.2912216828125 0.6094881578125 0.3327850203125 0.6085347140625
0 0.45934036562499997 0.5782978046875 0.452785009375 0.5655817828124999 0.4276533171875 0.570013178125 0.430750609375 0.58757879375 0.43120159999999996 0.5874992734375 0.4596845796875 0.5802499359375 0.45934036562499997 0.5782978046875
0 0.17747826718749998 0.6043608125000001 0.1776551609375 0.58816924375 0.17759609999999998 0.5878342890625 0.1643005203125 0.5869447531249999 0.1625980890625 0.5872449375000001 0.1637866453125 0.5939855781250001 0.1655828546875 0.602725546875 0.17747826718749998 0.6043608125000001