0 0.6041341140625 0.477984375 0.6042760421875 0.4862473953125 0.6227057296875 0.48645833281249995 0.62309375 0.47699739531249996 0.6041341140625 0.477984375
0 0.770578125 0.4927473953125 0.7707213546875 0.49908333281250006 0.7797734375 0.4994088546875 0.7797317703125 0.4938098953125 0.770578125 0.4927473953125
0 0.74200390625 0.48012239531249995 0.7416119796875 0.4854661453125 0.7496783859375 0.4870859375 0.7493111984375 0.47943489531249994 0.74200390625 0.48012239531249995
0 0.1958580734375 0.47313020781250004 0.195703125 0.4800520828125 0.20553906249999998 0.4802838546875 0.2054622390625 0.4741432296875 0.1958580734375 0.47313020781250004
0 0.6281796875000001 0.47590625 0.6280572921875 0.48871875 0.64812890625 0.48810937499999996 0.6475195312500001 0.4757838546875 0.6281796875000001 0.47590625
0 0.5867630203124999 0.43678906250000005 0.5868645828125 0.4451276046875 0.6011510421875 0.44116145781249994 0.6009986984375 0.4319088546875 0.5867630203124999 0.43678906250000005
0 0.6584401046874999 0.47371093750000004 0.6581354171875 0.48615624999999996 0.6815013015625 0.4868880203125 0.6815013015625 0.4745651046875 0.6584401046874999 0.47371093750000004
0 0.7161497390625 0.4776145828125 0.71584375 0.49457552031249996 0.7371979171875 0.4959166671875 0.7376861984375 0.47944531250000005 0.7161497390625 0.4776145828125
0 0.5488203125 0.44673697968750004 0.5487239578125 0.45237499999999997 0.5621041671875 0.4529583328125 0.56191015625 0.44732031250000004 0.5488203125 0.44673697968750004
0 0.7514908859375 0.4428958328125 0.751171875 0.450453125 0.7644479171875 0.4562421875 0.7647304687500001 0.4480520828125 0.7514908859375 0.4428958328125
0 0.6046783859375 0.43032812500000006 0.6048190109375 0.4399322921875 0.62353125 0.43597656249999994 0.6228255203125 0.4258802078125 0.6046783859375 0.43032812500000006
0 0.6862604171875 0.4756614578125 0.6858333328125 0.48664322968749996 0.7115794265625001 0.4888411453125 0.7119453124999999 0.47602864531250005 0.6862604171875 0.4756614578125
0 0.17972656250000002 0.4748880203125 0.1801158859375 0.480953125 0.19216796875 0.47994270781250004 0.1918958328125 0.47302343750000003 0.17972656250000002 0.4748880203125