0 0.122163603125 0.466658465625 0.121722946875 0.469773603125 0.12166738437499999 0.4729568140625 0.1265220546875 0.4763067421875 0.127637615625 0.4695380703125 0.12346982343749999 0.466681265625 0.122163603125 0.466658465625
0 0.3748615375 0.5567117578125 0.372877525 0.5566771265625 0.372642365625 0.5701494578124999 0.39284106093750004 0.574316178125 0.399177340625 0.574426778125 0.39972731875 0.5658120531249999 0.39979879218750003 0.561717265625 0.3748615375 0.5567117578125
0 0.14683161875 0.4918056421875 0.147194334375 0.488246240625 0.1472254828125 0.4864617796875 0.145972690625 0.48478963906250006 0.146899121875 0.47963260781250006 0.1401218515625 0.475617221875 0.13912166406249998 0.4755997640625 0.13866053125 0.48199282656250003 0.13859364375 0.485824803125 0.14683161875 0.4918056421875
0 0.4050353125 0.5634522468750001 0.4047346328125 0.5806781453125 0.4256735015625 0.5802940640625 0.4259415265625 0.5649389125 0.416116015625 0.5636456609375 0.4050353125 0.5634522468750001
0 0.4849095109375 0.5753806406249999 0.49167559375 0.5745917 0.49177286875000004 0.5690187375 0.485022615625 0.5689009125 0.4849095109375 0.5753806406249999
0 0.14943052031249998 0.48199350937499996 0.147304125 0.48195639218749997 0.14711115156250001 0.4930117796875 0.1621796921875 0.504639775 0.16243186406250001 0.5046441765624999 0.1641496 0.491715640625 0.164156434375 0.4913241484375 0.14943052031249998 0.48199350937499996
0 0.4287212953125 0.5758955593749999 0.45181344843750004 0.5759385890625001 0.451936940625 0.5688637296875 0.42885106874999995 0.5684607640625 0.4287212953125 0.5758955593749999
0 0.1663899453125 0.49309615312500005 0.16345116875000001 0.49304485624999994 0.1632433375 0.504951471875 0.17813242812500002 0.5159950125 0.1790936640625 0.5160117921875 0.179764575 0.5100759921875 0.179917859375 0.5012943484375 0.1663899453125 0.49309615312500005
0 0.330400359375 0.56857611875 0.29854370625 0.555379625 0.29740051093750003 0.5553596703125 0.296445878125 0.5641552453124999 0.296265646875 0.5744807093750001 0.328185471875 0.5853450546875 0.3291182578125 0.5853613359375001 0.33035427500000003 0.5712162921874999 0.330400359375 0.56857611875
0 0.1384949640625 0.476004559375 0.131342084375 0.47141148906249997 0.1297743578125 0.471384125 0.1296320859375 0.473130196875 0.1295545 0.4775750875 0.1380261421875 0.4840702828125 0.13844903125000002 0.47863609687500003 0.1384949640625 0.476004559375
0 0.23806505625000002 0.53554850625 0.2127113390625 0.5209212359375 0.21138071875 0.520898009375 0.209856178125 0.534644353125 0.2098117265625 0.5371909921875 0.235754659375 0.5537433078125 0.236866715625 0.55376271875 0.23791306250000002 0.544256265625 0.23806505625000002 0.53554850625
0 0.18408960000000002 0.5050222140625 0.180664109375 0.504962421875 0.18044160468749998 0.51770968125 0.20193496406250003 0.532350246875 0.2023018125 0.53235665 0.203609865625 0.5211293218749999 0.20366278750000003 0.5180974078125 0.18408960000000002 0.5050222140625
0 0.50142105 0.5578402 0.49844828437500005 0.5579505078125 0.49836154375 0.5629199390624999 0.50648759375 0.5630617796874999 0.5088952718749999 0.562912896875 0.5089815125 0.55797216875 0.50142105 0.5578402
0 0.46790054062499997 0.56725121875 0.4545350375 0.5670179234375 0.45431346406250006 0.579711828125 0.4596247 0.5798045359375 0.4677024375 0.5786005421875 0.46790054062499997 0.56725121875
0 0.5142201359375 0.5518498046875 0.5112500234375 0.5517979625 0.5111589359375001 0.55701641875 0.5140575578125001 0.5570670140625 0.5142052406250001 0.552703159375 0.5142201359375 0.5518498046875
0 0.3462037484375 0.552159053125 0.345350278125 0.563143065625 0.3452519453125 0.5687765109375 0.3549316078125 0.57041248125 0.35603353125 0.5704317156250001 0.3572721046875 0.55455650625 0.3489470109375 0.5522069359375 0.3462037484375 0.552159053125
0 0.4828813921875 0.567782875 0.46897586562500004 0.5675401531250001 0.46882038593750003 0.5764476265625 0.4827339234375 0.57504690625 0.48278689375 0.5731966484375 0.4828813921875 0.567782875