0 0.5104018078125 0.52936346875 0.5068995265625 0.5290128125 0.503447525 0.52907306875 0.5035855640625 0.5369813531250001 0.5103520234375 0.5367614296875 0.5104208984375 0.530457153125 0.5104018078125 0.52936346875
0 0.21990154374999998 0.5311026265625001 0.23715205312499998 0.5371958796875 0.24192320312499999 0.5371126 0.2416023734375 0.5187323515625 0.22128384531249998 0.5134178875 0.219593371875 0.5134473953125 0.21990154374999998 0.5311026265625001
0 0.5109253093749999 0.53638634375 0.5188066546875 0.5361950546875 0.5186823640625 0.529074421875 0.5108000796875001 0.5292120078125 0.5109253093749999 0.53638634375
0 0.403695815625 0.5257955046875 0.37876791875000004 0.5229637578124999 0.37131543125 0.5230938421875 0.370858221875 0.5432582874999999 0.370993753125 0.5510228328125 0.40287373281249994 0.5524545265625 0.40385216875 0.534752959375 0.403695815625 0.5257955046875
0 0.18447000156249999 0.505507596875 0.18350625468749998 0.50552441875 0.1836829609375 0.5156479125 0.196589065625 0.520263596875 0.1999855046875 0.5202043109375001 0.2000336703125 0.51832805 0.19987586562499998 0.509287415625 0.18447000156249999 0.505507596875
0 0.16915519375000002 0.5102177796875 0.17987664375 0.51440793125 0.18025212968749998 0.5144013765625 0.180172615625 0.5045001328125001 0.17113761562500002 0.5017311515625 0.16900770781250002 0.5017683296875 0.16915519375000002 0.5102177796875
0 0.47708288750000005 0.5269072234375 0.4635932953125 0.5252250093749999 0.46081752500000006 0.5252734609374999 0.46078863124999997 0.52746121875 0.4609198484375 0.5349785984375 0.47576040781250006 0.5347195546875 0.47709076875 0.5273586765625 0.47708288750000005 0.5269072234375
0 0.33259859375 0.5563392484375 0.361451865625 0.5601503015625 0.364069421875 0.5601046125 0.36373159843749997 0.5407507609375 0.34393107968750003 0.5377375437499999 0.33227745 0.5379409578125001 0.33259859375 0.5563392484375
0 0.294128634375 0.531123078125 0.2879259109375 0.5312313468750001 0.2882568859375 0.5501928781250001 0.2887504078125 0.55028861875 0.294054709375 0.5525354953125 0.31321793124999997 0.5556466796875 0.317617625 0.5555698828125 0.317266296875 0.5354422984375 0.294128634375 0.531123078125
0 0.4895110046875 0.5345469859375 0.4977416984375 0.5345182140625 0.50054909375 0.5344692109375 0.50086711875 0.5292716609375 0.4950092203125 0.5289530828125 0.4894150671875 0.5290507296875 0.4895110046875 0.5345469859375
0 0.255183409375 0.5235172671874999 0.2554718453125 0.5400417703125 0.2788440109375 0.54686078125 0.27848166875 0.5261022078125001 0.2660411828125 0.52332774375 0.255183409375 0.5235172671874999
0 0.48876426874999995 0.5279236734375 0.47996451718750005 0.52707746875 0.4775168609375 0.5271201921875 0.477165778125 0.531655990625 0.4772966125 0.5391515234375001 0.47788610781249996 0.5391412328125 0.4880692671875 0.5376752703125 0.48876426874999995 0.5279236734375
0 0.43867234843749997 0.5389986437500001 0.41274241875 0.537605546875 0.404226715625 0.5377541890625 0.4041852375 0.5385222015625 0.40443054843750004 0.5525761171875 0.43841086249999994 0.5522843140625 0.4388007765625 0.5463563296875 0.43867234843749997 0.5389986437500001