0 0.35158813437499997 0.49129394531250004 0.33725952187499997 0.49319091718749997 0.33725952187499997 0.49793457031250005 0.3519677734375 0.4966064453125 0.35158813437499997 0.49129394531250004
0 0.5284814453125 0.4832592765625 0.5268212890624999 0.4838916015625 0.5268212890624999 0.48784423749999994 0.528638915625 0.48737060625 0.5284814453125 0.4832592765625
0 0.535677490625 0.4831005859375 0.52998413125 0.4831005859375 0.52966796875 0.4887939453125 0.535677490625 0.48832031249999996 0.535677490625 0.4831005859375
0 0.5599523921875 0.489111328125 0.5596362312500001 0.48436523437499995 0.5537841796875 0.48468261718749994 0.551728515625 0.48832031249999996 0.5514916984375 0.490849609375 0.5599523921875 0.489111328125
0 0.5167785640625 0.48341796875 0.5078430171874999 0.483732909375 0.507685546875 0.489111328125 0.5167785640625 0.4887939453125 0.5167785640625 0.48341796875
0 0.688427734375 0.4479663078125 0.6536047359375 0.4517626953125 0.6526550296875 0.46694579999999997 0.6886181640625 0.46466796875 0.688427734375 0.4479663078125
0 0.84278930625 0.447890625 0.7967468265625001 0.43466796875 0.794150390625 0.47103027343750004 0.8408996578125001 0.47527832031250006 0.84278930625 0.447890625
0 0.497958984375 0.48610595625 0.4790612796875 0.487529296875 0.47819091875 0.49274658281250006 0.498275146875 0.4905346671875 0.497958984375 0.48610595625
0 0.576341553125 0.5032617187499999 0.571353759375 0.5045434578125 0.57080444375 0.50783935625 0.5766613765625 0.5073803703124999 0.576341553125 0.5032617187499999
0 0.368857421875 0.4890161125 0.354908446875 0.4903442375 0.35395996093750004 0.4966064453125 0.36923706093750003 0.494709471875 0.368857421875 0.4890161125
0 0.320654296875 0.49546875 0.3164794921875 0.49679687499999997 0.31657470781249997 0.5019189453124999 0.32027465781250003 0.5017309578125 0.320654296875 0.49546875
0 0.464338378125 0.48979736249999994 0.464224853125 0.48615478593750006 0.4505615234375 0.4870654296875 0.43883300781249995 0.48729248125 0.43883300781249995 0.491618653125 0.464338378125 0.48979736249999994
0 0.326822509375 0.49584716875 0.3215087890625 0.4966064453125 0.3216979984375 0.5011621093749999 0.32701171875 0.50078125 0.326822509375 0.49584716875
0 0.5490405265625 0.48215087968750003 0.5369421390625 0.4824682625 0.5366259765625 0.4894262703125 0.54927734375 0.489111328125 0.5490405265625 0.48215087968750003
0 0.506970215625 0.48388671875 0.49835449218749994 0.48420898437500004 0.49843383750000003 0.4880029296875 0.5069738765625 0.48832031249999996 0.506970215625 0.48388671875
0 0.5552075203125 0.5077709953125 0.5423193359375 0.51014404375 0.541607665625 0.51678466875 0.5552075203125 0.51283203125 0.5552075203125 0.5077709953125
0 0.52579345625 0.48262695312500004 0.5177270515625 0.48341796875 0.5170947265625 0.48958496093750004 0.526267090625 0.48784423749999994 0.52579345625 0.48262695312500004
0 0.333939209375 0.49319091718749997 0.3278662109375 0.4939501953125 0.327961425 0.498693846875 0.3342236328125 0.4992626953125 0.333939209375 0.49319091718749997
0 0.7516503906249999 0.44033447187499997 0.690970459375 0.44080810625 0.688845215625 0.4592236328125 0.752122803125 0.462529296875 0.7516503906249999 0.44033447187499997