0 0.9271582031250001 0.4788623046875 0.922572021875 0.475700684375 0.9220971671875 0.483923340625 0.9264465328125 0.4851879875 0.9271582031250001 0.4788623046875
0 0.6172473140625 0.47900390625 0.59333618125 0.48082519531249995 0.593677978125 0.49744873125 0.6169055171875 0.4985888671875 0.6172473140625 0.47900390625
0 0.8098120109375 0.4380908203125 0.751177978125 0.432189940625 0.749801025 0.459736328125 0.8068603515625 0.4605224609375 0.8098120109375 0.4380908203125
0 0.5480395515625001 0.49924072343750003 0.54764404375 0.49634033125 0.545338134375 0.496076659375 0.5454040531250001 0.5005566406249999 0.5477758796875001 0.5006884765625 0.5480395515625001 0.49924072343750003
0 0.9206738281250001 0.475224609375 0.91142211875 0.4720629890625 0.910631103125 0.4810766609375 0.9198828125 0.483132325 0.9206738281250001 0.475224609375
0 0.8417272953125 0.5119775390625 0.7957080078125001 0.51216796875 0.79532836875 0.5189990234375 0.8417272953125 0.518430175 0.8417272953125 0.5119775390625
0 0.55985961875 0.48970703125000004 0.5771667484375 0.4872021484375 0.57602783125 0.4742211921875 0.5625927734375 0.476953125 0.5615673828125 0.481735840625 0.559404296875 0.483330078125 0.55985961875 0.48970703125000004
0 0.5851379390625 0.4874291984375 0.57602783125 0.4872021484375 0.5768249515625 0.4969946296875 0.5855932625 0.498132325 0.5851379390625 0.4874291984375
0 0.9629797359375001 0.481953125 0.9555444328125 0.480505371875 0.955009765625 0.486682128125 0.9630175781249999 0.4870629875 0.9629797359375001 0.481953125
0 0.7028161625 0.47966796875 0.654173584375 0.48158203125 0.6529443359375 0.4982495109375 0.7044567875000001 0.5009838875 0.7028161625 0.47966796875
0 0.533873290625 0.49844970625 0.5227368171875 0.4976586921875 0.5231982421875 0.5049072265625 0.5342028812499999 0.503984375 0.533873290625 0.49844970625