0 0.5955908203125 0.4962182609375 0.5891003421875001 0.497131346875 0.5906945796875 0.50123046875 0.59627319375 0.50123046875 0.5955908203125 0.4962182609375
0 0.44863891562499997 0.4983911140625 0.442470703125 0.498010253125 0.4426611328125 0.5029443359375 0.4491125484375 0.503134765625 0.44863891562499997 0.4983911140625
0 0.636060790625 0.5160815421875 0.6268359375 0.5171362312500001 0.6247277828125 0.521748046875 0.636654053125 0.5201684578125 0.636060790625 0.5160815421875
0 0.604357909375 0.4969018546875 0.5968432625 0.4962182609375 0.597298584375 0.5005468750000001 0.60458618125 0.4994067390625 0.604357909375 0.4969018546875
0 0.7279602046875 0.4514379875 0.6945117187500001 0.45865234375 0.6948400875 0.4809521484375 0.7292724609375 0.4786572265625 0.7279602046875 0.4514379875
0 0.45670410156249996 0.4976318359375 0.45101074218750004 0.49725097656250006 0.4502514640625 0.50123779375 0.45670410156249996 0.5010473640625001 0.45670410156249996 0.4976318359375
0 0.4857397453125 0.4963037109375 0.4758715828125 0.496872559375 0.4764404296875 0.50009765625 0.4860241703125 0.5002880859375 0.4857397453125 0.4963037109375
0 0.56306274375 0.49681640624999995 0.5552819828125 0.49662597656249996 0.554713134375 0.5011791984375 0.5633471671875 0.5025073250000001 0.56306274375 0.49681640624999995
0 0.6938562015625 0.46619628906250005 0.6861499015625 0.468818359375 0.6859851078125 0.48029541093750006 0.69434814375 0.4809521484375 0.6938562015625 0.46619628906250005
0 0.6428015140625 0.5010717765625 0.6424719234375 0.49632812499999995 0.63845336875 0.4969848625 0.6375305171875 0.49751220625 0.637926025 0.5023901375000001 0.6428015140625 0.5010717765625
0 0.440738525 0.5026269531249999 0.44040893593749997 0.49775146562500006 0.4376416015625 0.4978833 0.43665283125 0.4980151359375 0.43671875 0.503154296875 0.440738525 0.5026269531249999
0 0.6340185546875 0.4947314453125 0.625517578125 0.4952587890625 0.62578125 0.5007958984374999 0.6344799796875 0.499609375 0.6340185546875 0.4947314453125
0 0.6853002921875 0.47483154375 0.674368896875 0.47537841875 0.6766918937499999 0.48330322187499997 0.6854357906249999 0.48029541093750006 0.6853002921875 0.47483154375
0 0.4265551765625 0.5006860343749999 0.422326659375 0.5004663078125 0.422106934375 0.5047509765625 0.4265551765625 0.5040917968749999 0.4265551765625 0.5006860343749999
0 0.6121398921875 0.49584716875 0.6054187015625 0.496005859375 0.60502319375 0.5001171875 0.6123779296875 0.50106689375 0.6121398921875 0.49584716875
0 0.6215502921875 0.49584716875 0.613010253125 0.4955322265625 0.613642578125 0.5005908203125 0.6215502921875 0.50106689375 0.6215502921875 0.49584716875