0 0.5542431640625 0.498662109375 0.5423034671875 0.49945312499999994 0.541907959375 0.5032495109374999 0.5547973625 0.5026171875000001 0.5542431640625 0.498662109375
0 0.025848389062499998 0.493076171875 0.024531249999999998 0.4918676765625 0.019313965625000002 0.49164795000000006 0.0195336921875 0.49494384843750006 0.0256286625 0.49494384843750006 0.025848389062499998 0.493076171875
0 0.8918542484374999 0.475895996875 0.8656201171875001 0.47043212968750003 0.8650732421875 0.4846411125 0.8918542484374999 0.48846679687499994 0.8918542484374999 0.475895996875
0 0.01326538125 0.4896728515625 0.0037109375 0.4899365234375 0.004105225 0.496130371875 0.013463134375 0.495603028125 0.01326538125 0.4896728515625
0 0.8629553218750001 0.4683911125 0.8488366703124999 0.4663403328125 0.8479260249999999 0.48387695312499995 0.863525390625 0.4836474609375 0.8629553218750001 0.4683911125
0 0.788033446875 0.48273681718750006 0.7865527343750001 0.459052734375 0.726431884375 0.458825684375 0.7141345218749999 0.4599658203125 0.7139074703125 0.48319335937499996 0.788033446875 0.48273681718750006
0 0.6940942390625 0.46429199218750006 0.6640344234375 0.4672534171875 0.6624401859375 0.4829663078125 0.69466430625 0.4806884765625 0.6940942390625 0.46429199218750006
0 0.6507116703125 0.482509765625 0.6471826171874999 0.47453857343749994 0.62247314375 0.4788671875 0.6231567375 0.493212890625 0.65037109375 0.492529296875 0.6507116703125 0.482509765625
0 0.6422863765625 0.461560059375 0.6247509765625 0.463381346875 0.6253198234374999 0.47636230468749996 0.6423999031250001 0.474768065625 0.6422863765625 0.461560059375
0 0.61700805625 0.4672509765625 0.6109728999999999 0.46793457031249996 0.61074585 0.4788671875 0.6171215812499999 0.47567871093749997 0.61700805625 0.4672509765625
0 0.84712890625 0.46269775312499994 0.7899682609374999 0.4526782234375 0.7896264640624999 0.482509765625 0.846900634375 0.4870654296875 0.84712890625 0.46269775312499994
0 0.9049719234375001 0.478630371875 0.8933581546875 0.4764428703125 0.8941772468750001 0.486555175 0.906201171875 0.48737548906250006 0.9049719234375001 0.478630371875