0 0.3073177078125 0.4601692703125 0.30758723906249996 0.4713984375 0.324578125 0.4724765625 0.32450520781250003 0.46266927031250005 0.3073177078125 0.4601692703125
0 0.11726171875 0.46153125 0.11751562499999998 0.47788541718750005 0.12929427031250001 0.4764453125 0.1292526046875 0.45932812500000003 0.11726171875 0.46153125
0 0.17301302031250002 0.461890625 0.17321875 0.47801302031250004 0.2134388015625 0.4753072921875 0.2127916671875 0.4580052078125 0.17301302031250002 0.461890625
0 0.30741536406250003 0.44795833281249997 0.3076119796875 0.45923697968750005 0.32411328125 0.46144270781249996 0.3242109375 0.4516354171875 0.30741536406250003 0.44795833281249997
0 0.1664088546875 0.4592786453125 0.16746875 0.4715651046875 0.1694596359375 0.4715651046875 0.1692903640625 0.4564817703125 0.1610286453125 0.457921875 0.1615794265625 0.4721588546875 0.1647994796875 0.4715651046875 0.164671875 0.45961718749999997 0.1664088546875 0.4592786453125
0 0.26281510468749997 0.46128385468750005 0.26433984375 0.46087760468749994 0.26723828125 0.4618958328125 0.2683059890625 0.46352083281249995 0.2681536453125 0.4704348953125 0.2727291671875 0.4695208328125 0.2812708328125 0.4696223953125 0.2816263015625 0.45579427031249997 0.25666276093749996 0.4556927078125 0.25686588593750004 0.46891145781250004 0.26078125 0.4694192703125 0.2612890625 0.46423437500000003 0.26281510468749997 0.46128385468750005
0 0.1157760421875 0.480375 0.11568880156250001 0.4568307296875 0.1024231765625 0.4599921875 0.09082552031249999 0.4621015625 0.09196875 0.4680755203125 0.10207161406250001 0.4756302078125 0.1018072921875 0.48090104218749996 0.1157760421875 0.480375
0 0.07761979218750001 0.4269765625 0.0774361984375 0.43478645781249997 0.10446354218750001 0.4268541671875 0.10470703125 0.4174583328125 0.07761979218750001 0.4269765625
0 0.1334895828125 0.4606328125 0.13378515625 0.47520833281249997 0.1593333328125 0.4738515625 0.1597565109375 0.457328125 0.1334895828125 0.4606328125
0 0.3248971359375 0.46306250000000004 0.3252161453125 0.4723776046875 0.3410546875 0.47360416718750004 0.34110416718750003 0.46546354218749997 0.3248971359375 0.46306250000000004
0 0.28418359375 0.44278125 0.2846497390625 0.4698958328125 0.3060455734375 0.47048958281250003 0.30541015625 0.44659375 0.28418359375 0.44278125
0 0.2138528640625 0.4553880203125 0.2140221359375 0.47038802031250004 0.2523229171875 0.46936979218749997 0.25211067656249997 0.45530468749999997 0.2138528640625 0.4553880203125