0 0.4669934890625 0.43234374999999997 0.46266666718750005 0.4327994796875 0.46255208281250004 0.44077083281249996 0.466765625 0.4412265625 0.4669934890625 0.43234374999999997
0 0.44381901093750004 0.43871093749999995 0.43891666718750005 0.4383932296875 0.4397864578125 0.44661718749999996 0.44429296875 0.4455104171875 0.44381901093750004 0.43871093749999995
0 0.8289908859375 0.5269192703125001 0.8209075515625001 0.5248697921875001 0.81999609375 0.5355729171875 0.8283085937499999 0.5410390625 0.8289908859375 0.5269192703125001
0 0.7379440109375001 0.48912760468750005 0.73157421875 0.48759114531250003 0.730640625 0.49626562500000004 0.738 0.49615625 0.7379440109375001 0.48912760468750005
0 0.48682421875 0.42911979218749996 0.4684596359375 0.42584114531250006 0.46731249999999996 0.4405989578125 0.48715234374999994 0.4409270828125 0.48682421875 0.42911979218749996
0 0.9211510421875 0.5170546875 0.8980598953125 0.5115885421875 0.8957369796875 0.5263463546875 0.9207408859375 0.52853125 0.9211510421875 0.5170546875
0 0.9506184890625 0.5235390625 0.9353580734375001 0.5200598953125 0.9350416671874999 0.5328697921875001 0.9511731765624999 0.5330286453124999 0.9506184890625 0.5235390625
0 0.7300377609375001 0.48484375 0.72196484375 0.48122135468750005 0.7204270828125 0.49187239531250004 0.72959765625 0.4943984375 0.7300377609375001 0.48484375
0 0.5622447921875 0.424796875 0.5376510421875 0.41577864531250003 0.5392903640625 0.4332682296875 0.56197265625 0.4379140625 0.5622447921875 0.424796875
0 0.8662252609375001 0.5077916671875 0.8483489578125001 0.5039192703125 0.8472096359375 0.5146223953125 0.8659973953125 0.5194062500000001 0.8662252609375001 0.5077916671875
0 0.8653138015625 0.5385338546875 0.85187890625 0.5339791671875 0.8521054687499999 0.54878125 0.8646315109374999 0.5528802078124999 0.8653138015625 0.5385338546875