0 0.7955572921875 0.4572317703125 0.7942369796875 0.4679921875 0.8255377609375 0.47561979218749995 0.82661328125 0.46202343749999997 0.7955572921875 0.4572317703125
0 0.0818307296875 0.4955625 0.08234375000000001 0.5063854171875 0.11080338593750001 0.4992005203125 0.1102903640625 0.4893098953125 0.0818307296875 0.4955625
0 0.19340234375 0.4788776046875 0.1941796875 0.4882083328125 0.2019557296875 0.48639583281250004 0.2010481765625 0.4775807296875 0.19340234375 0.4788776046875
0 0.0007096359375 0.5374713546875001 0.0007864578125000001 0.5444713546875 0.0109739578125 0.5438489578125 0.011050781249999999 0.5358385421875 0.0007096359375 0.5374713546875001
0 0.7452317703125 0.4501875 0.7443515625 0.4575234375 0.7541328125 0.4594817703125 0.7545729171875 0.4508723953125 0.7452317703125 0.4501875
0 0.8886966140625001 0.49198437500000003 0.8796002609375 0.48071614531250006 0.87097265625 0.4697994796875 0.8702096359375 0.4840026046875 0.8820065109374999 0.4950364578125 0.8874062500000001 0.5003177078125 0.8886966140625001 0.49198437500000003
0 0.3311497390625 0.42123697968749996 0.3319609375 0.42946875 0.3397369796875 0.4280416671875 0.3389583328125 0.42013541718749997 0.3311497390625 0.42123697968749996
0 0.4409244796875 0.4287421875 0.44173437499999996 0.43690625 0.4522643234375 0.43236979218749994 0.4515846359375 0.4222630203125 0.4409244796875 0.4287421875
0 0.8955026046875 0.5011822921875 0.8948567703125001 0.5095364578125 0.9007330734375 0.5147682296875 0.90148046875 0.5086536453125 0.8955026046875 0.5011822921875
0 0.3113606765625 0.42818489531250004 0.31210546875 0.4342760421875 0.3241588546875 0.43051822968750003 0.3233815109375 0.4237786453125 0.3113606765625 0.42818489531250004
0 0.75780078125 0.4523411453125 0.75687109375 0.4608515625 0.76963671875 0.46202343749999997 0.7698815109375 0.4528307296875 0.75780078125 0.4523411453125
0 0.7746744796875 0.4543958328125 0.7741354171875 0.4628072921875 0.7909596359375 0.46534895781249996 0.7912539062499999 0.4567421875 0.7746744796875 0.4543958328125
0 0.45812890624999997 0.4218723953125 0.4588802078125 0.43223958281249997 0.4800638015625 0.4262786453125 0.4794166671875 0.41390364531249996 0.45812890624999997 0.4218723953125
0 0.7243776046875 0.451046875 0.7238828125000001 0.4562369796875 0.7292838546875 0.4565182296875 0.7297083328125 0.45133072968750004 0.7243776046875 0.451046875
0 0.0627473953125 0.5300234374999999 0.06313932343749999 0.5409973953125 0.09298046875 0.5378619796875 0.09225260468749999 0.5262161453124999 0.0627473953125 0.5300234374999999
0 0.74890625 0.491046875 0.7478541671875 0.4981223953125 0.7632981765625 0.5081119796875 0.76402734375 0.4995807296875 0.74890625 0.491046875
0 0.0233763015625 0.5059791671875 0.0231041671875 0.5141458328125 0.04025 0.5121223953125 0.040171875 0.5042682296875001 0.0233763015625 0.5059791671875
0 0.1291861984375 0.4874427078125 0.12960546875 0.49705468750000004 0.1418763015625 0.49630729218749997 0.14113020781250002 0.48678906250000004 0.1291861984375 0.4874427078125
0 0.00459765625 0.5106692703125 0.00451953125 0.5195338546875 0.0164557296875 0.5159557296874999 0.01630078125 0.506859375 0.00459765625 0.5106692703125
0 0.15345703125000001 0.4865104171875 0.1546888015625 0.4959166671875 0.1649908859375 0.49513281249999996 0.1633671875 0.4866223953125 0.15345703125000001 0.4865104171875
0 0.8403072921874999 0.46352083281249995 0.83860546875 0.4777239578125 0.8690065109375 0.48277083281250005 0.8700638015625 0.4702109375 0.8403072921874999 0.46352083281249995
0 0.0442552078125 0.5022473953125 0.044838542187500004 0.5139895828125 0.06346093750000001 0.5108776046875 0.06280078125 0.4987473953125 0.0442552078125 0.5022473953125