0 0.67129296875 0.4792734375 0.6710989578125 0.4556692703125 0.6666497390624999 0.4541197921875 0.6412044265625 0.4494765625 0.6237903640625 0.4519921875 0.6133828125 0.455796875 0.6128828125 0.4772578125 0.6221458328125 0.4777265625 0.6427526046875001 0.4771458328125 0.67129296875 0.4792734375
0 0.6031263015625 0.47690625000000003 0.6030559890625 0.45608072968749996 0.60091015625 0.4554088546875 0.5904270828125 0.4524505203125 0.5780807296875 0.45194531250000003 0.561984375 0.4554921875 0.5521874999999999 0.4600651046875 0.5513945312499999 0.477140625 0.56173828125 0.4771770828125 0.5806848953125 0.4773072921875 0.6031263015625 0.47690625000000003
0 0.8194947921875 0.4935625 0.8266718750000001 0.4945026046875 0.8304856765625 0.49486718749999997 0.8325312500000001 0.4946041671875 0.8329088546875001 0.4856744796875 0.8319557296875001 0.4831223953125 0.8308619796875 0.48208072968750004 0.8253932296875 0.47965625 0.8244179687500001 0.4787916671875 0.8194440109375 0.48004687500000004 0.817359375 0.4814270828125 0.8174908859375 0.491875 0.8178684890625 0.4927057296875 0.8190677078125 0.4923671875 0.8194947921875 0.4935625
0 0.7855833328124999 0.47426562499999997 0.78269140625 0.4736145828125 0.7762994796875 0.4705338546875 0.7724270828125 0.4682942703125 0.7644947921874999 0.4668020828125 0.7558177078125 0.4667083328125 0.7489583328125 0.46745572968750004 0.7491458328125 0.4854635421875 0.7871236984375 0.4901302078125 0.7868906250000001 0.47659895781249995 0.7855833328124999 0.47426562499999997
0 0.4944388015625 0.4741822921875 0.4918984375 0.4743385421875 0.4919895828125 0.469375 0.49138281250000004 0.46860937500000005 0.48733203124999996 0.46708072968750003 0.48450520781249995 0.46761458281249996 0.48124218750000003 0.4693411453125 0.4789921875 0.47173958281250006 0.47872916718749997 0.48100260468749995 0.48395312500000004 0.4809765625 0.4943255203125 0.48012239531249995 0.4944388015625 0.4741822921875
0 0.8591054687499999 0.4974322921875 0.8613606765625 0.49448958281250005 0.8625130203125 0.4941458328125 0.8626106765625 0.49223437499999995 0.8588841140625 0.49135156249999995 0.8537604171875 0.4905677078125 0.8535390625 0.4905677078125 0.8516263015625001 0.487625 0.84973828125 0.4863984375 0.8487096359375 0.4879192703125 0.8472382812499999 0.4884583328125 0.8473854171875 0.4970885421875 0.8508424484375 0.49748177031249996 0.8586145828125 0.4987552078125 0.8591054687499999 0.4974322921875
0 0.84581640625 0.497171875 0.8455950515625 0.48971875000000004 0.845375 0.4878046875 0.84458984375 0.48677604218750004 0.8431679687500001 0.4855494796875 0.8420156249999999 0.484765625 0.8404713546875 0.48402864531249995 0.8391718750000001 0.4836875 0.83644921875 0.4845703125 0.83502734375 0.48569791718750005 0.8351744796875 0.4952109375 0.83625390625 0.4960442703125 0.8400052078125 0.4967786453125 0.84581640625 0.497171875
0 0.5126966140625 0.46604427031249995 0.5121028640625 0.46491145781250004 0.5048932296875 0.4644791671875 0.5004114578125 0.4667473953125 0.4969557296875 0.4696640625 0.496578125 0.478734375 0.5024908859375 0.47835677031249996 0.5128854171875 0.4777083328125 0.5126966140625 0.46604427031249995
0 0.7405182296875 0.4844869796875 0.7404778640624999 0.465515625 0.7388463546875 0.463109375 0.7268736984374999 0.45744010468749996 0.7137786453125 0.45445572968750003 0.7029557296875 0.453125 0.6888463546875 0.4574244796875 0.6886458328125 0.4791927078125 0.6926158859375 0.47826562499999997 0.7159088546875 0.48099479218749996 0.7405182296875 0.4844869796875
0 0.5445807296875 0.47826302031249995 0.5450065109375 0.46255468750000006 0.5219010421875 0.465375 0.5189622390624999 0.46596875000000004 0.513234375 0.46423437500000003 0.5130494796875 0.47552083281249996 0.5133684890625 0.47584635468750003 0.5185026046875 0.4769270828125 0.5183736984375 0.47895833281250005 0.5269283859375 0.4788125 0.5445807296875 0.47826302031249995
0 0.4745143234375 0.4823723953125 0.4734205734375 0.4803671875 0.4730950515625 0.4784401046875 0.4735377609375 0.4770598953125 0.4743059890625 0.4754192703125 0.47507421875 0.4746901046875 0.4759075515625 0.4746901046875 0.4767408859375 0.47601822968749996 0.4767799484375 0.4732578125 0.47507421875 0.4735442703125 0.4663893234375 0.4754973953125 0.461125 0.4764869796875 0.46134635468749996 0.48315364531249994 0.46760026093749996 0.4830755203125 0.4758424484375 0.4828411453125 0.4745143234375 0.4823723953125