0 0.0038502609375000003 0.4925208328125 0.0037643234375 0.495515625 0.007238281250000001 0.49538020781250003 0.0072890625 0.4925885421875 0.0038502609375000003 0.4925208328125
0 0.0623880203125 0.476375 0.0625 0.4826015625 0.07609375 0.48181250000000003 0.07618749999999999 0.4748385421875 0.0623880203125 0.476375
0 0.0109309890625 0.4868463546875 0.0109140625 0.49038802031250006 0.0141158859375 0.4902864578125 0.014098957812499998 0.4867109375 0.0109309890625 0.4868463546875
0 0.01503515625 0.48766406250000005 0.015052082812500001 0.49093749999999997 0.0206875 0.4912734375 0.020636718749999998 0.48728906250000004 0.01503515625 0.48766406250000005
0 0.15778125 0.4652708328125 0.1581380203125 0.4732421875 0.1814986984375 0.4723984375 0.1814010421875 0.4643645828125 0.15778125 0.4652708328125
0 0.0283411453125 0.48772656249999996 0.0283723953125 0.4908203125 0.03377734375 0.4906328125 0.03382421875 0.48722656249999996 0.0283411453125 0.48772656249999996
0 0.1176692703125 0.46575520781249996 0.11766796875 0.4745078125 0.1301145828125 0.4735885421875 0.129953125 0.465375 0.1176692703125 0.46575520781249996
0 0.07814583281250001 0.47389322968750003 0.0778984375 0.4827135421875 0.09148828125 0.48235416718749996 0.09130859375 0.4733072921875 0.07814583281250001 0.47389322968750003
0 0.0959596359375 0.4684583328125 0.0960677078125 0.4760729171875 0.1067604171875 0.4760130203125 0.10659765624999999 0.46791406249999995 0.0959596359375 0.4684583328125
0 0.23805078124999998 0.46615624999999994 0.2382447921875 0.47338802031249994 0.2527864578125 0.47416666718749995 0.25290234375 0.46763281250000005 0.23805078124999998 0.46615624999999994
0 0.261078125 0.4599817703125 0.2610807296875 0.4647395828125 0.27212109375 0.4658125 0.2722838546875 0.4610078125 0.261078125 0.4599817703125
0 0.02140234375 0.4869817703125 0.0214713546875 0.4917838546875 0.0258802078125 0.49168229218750004 0.0258802078125 0.4863359375 0.02140234375 0.4869817703125