0 0.6053346359375 0.3891510421875 0.6057421875 0.4067421875 0.6213502609375 0.4183333328125 0.6216549484375 0.4035885421875 0.6053346359375 0.3891510421875
0 0.78350390625 0.4454505203125 0.7830768234375001 0.4533828125 0.7935104171875 0.4603359375 0.7935716140625 0.4514296875 0.78350390625 0.4454505203125
0 0.54530859375 0.463984375 0.54439453125 0.4766744796875 0.5780716140625 0.4770416671875 0.5783763015625001 0.4605677078125 0.54530859375 0.463984375
0 0.4989192703125 0.4709921875 0.4988606765625 0.47928906250000003 0.5063932296875 0.4787005203125 0.5062747390625 0.46934635468749997 0.4989192703125 0.4709921875
0 0.4994231765625 0.43777343750000003 0.49949609375000004 0.445375 0.5065091140625 0.4388020828125 0.5066067703125 0.4305651046875 0.4994231765625 0.43777343750000003
0 0.7921679687500001 0.49291666718749994 0.7827109375 0.4912083328125 0.7858841140624999 0.4981640625 0.7852122390625 0.5007265624999999 0.7921067703125 0.5006041671875 0.7921679687500001 0.49291666718749994
0 0.58101171875 0.45979947968749996 0.58070703125 0.477859375 0.6151171875 0.48103125 0.61493359375 0.4685859375 0.58101171875 0.45979947968749996
0 0.5840325515625 0.3807109375 0.5831171875 0.3914895828125 0.6039114578125 0.40562239531250005 0.6044700515625 0.39464062499999997 0.5840325515625 0.3807109375
0 0.8051627609375 0.4962109375 0.8051627609375 0.5025546875 0.8172434890625 0.5032890625 0.8173033859375 0.49633333281249997 0.8051627609375 0.4962109375
0 0.55042578125 0.4083671875 0.55022265625 0.4203671875 0.5775247390625 0.407046875 0.5783385421875 0.3908802078125 0.55042578125 0.4083671875
0 0.7942421875 0.49328125 0.7943033859375 0.5010911453125 0.7999765625 0.5020677078125 0.8001601562499999 0.49498958281250005 0.7942421875 0.49328125
0 0.7634322921875001 0.43288281250000005 0.7630052078125 0.44288802031249996 0.7810638015625 0.4522838546875 0.7810638015625 0.44337499999999996 0.7634322921875001 0.43288281250000005