0 0.1204583328125 0.48363281249999995 0.104296875 0.48466145781250003 0.10438802031250001 0.48953125000000003 0.10440104218749999 0.4952135421875 0.12083203125 0.494359375 0.1204583328125 0.48363281249999995
0 0.0046640625 0.45581250000000006 0.0048893234375 0.4646796875 0.0171888015625 0.46500520781250004 0.01669921875 0.45650520781250004 0.0046640625 0.45581250000000006
0 0.0820859375 0.48548177031249995 0.08198697968749999 0.49283593750000004 0.10040104218749998 0.49141406249999997 0.10013151093749999 0.4843541671875 0.0820859375 0.48548177031249995
0 0.0816145828125 0.44988020781250004 0.08176171875 0.4573333328125 0.1 0.45611979218750004 0.0998567703125 0.4486067703125 0.0816145828125 0.44988020781250004
0 0.0783541671875 0.44997916718750003 0.0740390625 0.45091145781249997 0.0718802078125 0.4535104171875 0.0730091140625 0.4587083328125 0.0787213546875 0.4578255203125 0.0783541671875 0.44997916718750003
0 0.13462890624999999 0.48227604218750003 0.1346106765625 0.4893489578125 0.14319010468749999 0.48901822968750003 0.1426197921875 0.4821119796875 0.13462890624999999 0.48227604218750003
0 0.15038281250000002 0.4817447921875 0.15075 0.48873177031250004 0.1609661453125 0.4882864578125 0.1607408859375 0.4815807296875 0.15038281250000002 0.4817447921875
0 0.1203645828125 0.44838541718749997 0.10977343749999999 0.44811458281250005 0.10265625 0.44821614531250004 0.1028606765625 0.4557421875 0.11515364531250001 0.45594531250000003 0.1205338546875 0.45543489531250003 0.1203645828125 0.44838541718749997
0 0.12445442656250001 0.4840729171875 0.1244153640625 0.49044791718749997 0.1294205734375 0.48987499999999995 0.12931640625000002 0.48268489531250003 0.12445442656250001 0.4840729171875
0 0.1610677078125 0.48235677031249996 0.1612955734375 0.48799739531249997 0.1694453125 0.4876692703125 0.1693229171875 0.48203125 0.1610677078125 0.48235677031249996
0 0.0099869796875 0.4930598953125 0.0100481765625 0.49808593749999996 0.0180377609375 0.49763541718750004 0.017833332812499998 0.4922838546875 0.0099869796875 0.4930598953125
0 0.00026171875 0.49207812500000003 0.0004661453125 0.49730989531249997 0.00955859375 0.49702343750000005 0.0093541671875 0.49191406249999997 0.00026171875 0.49207812500000003