0 0.5090716140625 0.4485338546875 0.5092747390625 0.44576041718750004 0.5040182296875 0.4478802078125 0.5040585937500001 0.4573359375 0.5117213546875 0.4553802078125 0.5115989578125 0.4486145828125 0.5090716140625 0.4485338546875
0 0.4858841140625 0.4635729171875 0.4857890625 0.4732421875 0.4922747390625 0.4728645828125 0.49220442656249996 0.4622057296875 0.4858841140625 0.4635729171875
0 0.5251692703125 0.4462447921875 0.5246614578125001 0.4628072921875 0.5394518234375 0.46010416718749997 0.5399583328124999 0.44167968750000003 0.5251692703125 0.4462447921875
0 0.4860963546875 0.45291145781250003 0.4860716140625 0.46187500000000004 0.49222786406249996 0.46031770781250003 0.4922994796875 0.44956250000000003 0.4860963546875 0.45291145781250003
0 0.5998033859375 0.4268072921875 0.5994986984375 0.4570286453125 0.6843828125 0.4554036453125 0.6838763015625 0.42173437500000005 0.5998033859375 0.4268072921875
0 0.733140625 0.3301588546875 0.7332877609375 0.3386692703125 0.7629739578125 0.3505026046875 0.7631705734375 0.3421901046875 0.733140625 0.3301588546875
0 0.5203098953125 0.4296953125 0.5202252609375 0.44626041718750004 0.59730078125 0.4242864578125 0.5959479171875001 0.39791927031249996 0.5203098953125 0.4296953125
0 0.49946875 0.46564843749999996 0.49946875 0.46409114531249995 0.49880859375000003 0.46069531250000006 0.4928411453125 0.4627239578125 0.4928411453125 0.4707890625 0.4960729171875 0.47027083281250004 0.4965208328125 0.4681484375 0.49946875 0.46564843749999996
0 0.7111549484374999 0.3776875 0.6914583328125 0.3748177078125 0.6922239578125 0.385125 0.7000846359375 0.3864609375 0.71090234375 0.3889947921875 0.7111549484374999 0.3776875
0 0.5504544265625 0.4374557296875 0.5501171874999999 0.4624713546875 0.5983736984375 0.45739843750000003 0.59803515625 0.42646875 0.5504544265625 0.4374557296875
0 0.7354401046875 0.3542213546875 0.7347552078125 0.367328125 0.76219140625 0.37857552031249997 0.7625338546875 0.3660572921875 0.7354401046875 0.3542213546875