0 0.6624856765625 0.4481458328125 0.6625104171875 0.45324479218749997 0.67476953125 0.4535390625 0.67476953125 0.4483411453125 0.6624856765625 0.4481458328125
0 0.7027708328125 0.450265625 0.70275 0.45365885468749995 0.7104934890625 0.4548020828125 0.7105755203124999 0.4507578125 0.7027708328125 0.450265625
0 0.6764375 0.4485364578125 0.6763385421875 0.4527057296875 0.68592578125 0.45324479218749997 0.6858515625 0.44868489531250005 0.6764375 0.4485364578125
0 0.5522057296875 0.4423880203125 0.552734375 0.44909635468750003 0.57091796875 0.45093229218750003 0.57084765625 0.4437291671875 0.5522057296875 0.4423880203125
0 0.4818385421875 0.4435885421875 0.48205078125 0.45015625000000004 0.500515625 0.44874479218749996 0.5007630203125 0.4423880203125 0.4818385421875 0.4435885421875
0 0.51234375 0.4408359375 0.5124492187499999 0.45015625000000004 0.53059765625 0.44895572968749997 0.5304205734375 0.4411171875 0.51234375 0.4408359375
0 0.64292578125 0.4479479171875 0.6430533859375 0.4537942703125 0.6610169265625 0.45277864531249995 0.6610169265625 0.44760937500000003 0.64292578125 0.4479479171875
0 0.538046875 0.4422473953125 0.5382942703125 0.44839062500000004 0.5519231765625 0.4488151046875 0.551640625 0.44231770781249996 0.538046875 0.4422473953125
0 0.6142434890625 0.4493880203125 0.6144127609375001 0.45548958281249996 0.64051171875 0.45430468749999997 0.6403841140625001 0.4479479171875 0.6142434890625 0.4493880203125
0 0.6046028640625 0.44918489531250005 0.60484765625 0.4542838546875 0.6100703125 0.4548723953125 0.6098984375 0.44996875000000003 0.6046028640625 0.44918489531250005
0 0.57282421875 0.4443671875 0.572859375 0.4498723953125 0.5820390625 0.4505807296875 0.5817565109375 0.4449296875 0.57282421875 0.4443671875
0 0.7129049484375 0.4510026046875 0.7127213546875 0.45658854218749995 0.7235286453125 0.45716145781249995 0.7237890625000001 0.4517447921875 0.7129049484375 0.4510026046875
0 0.4660989578125 0.443765625 0.4663111984375 0.4520989578125 0.4799388015625 0.45026302031250004 0.47941015625 0.4427057296875 0.4660989578125 0.443765625