0 0.32726171875 0.4652473953125 0.32722265625 0.4739635421875 0.3325859375 0.4742578125 0.33275390625 0.4663802078125 0.32726171875 0.4652473953125
0 0.34719140625 0.4694453125 0.3473138015625 0.47583593750000003 0.3549427078125 0.47621874999999997 0.3549075515625 0.4709114578125 0.34719140625 0.4694453125
0 0.3344127609375 0.4649479171875 0.33453385468749997 0.4536640625 0.32258723906250003 0.4514296875 0.32240625 0.46162760468749997 0.3274140625 0.4618697921875 0.327203125 0.46361979218749994 0.3344127609375 0.4649479171875
0 0.041183593750000004 0.45461718749999996 0.0412916671875 0.46880729218750006 0.058415364062499996 0.46446354218749997 0.05780078125 0.44896874999999997 0.041183593750000004 0.45461718749999996
0 0.1942174484375 0.40512760468750003 0.1942708328125 0.4150260421875 0.2267994796875 0.4155520828125 0.2267994796875 0.40710677031250003 0.1942174484375 0.40512760468750003
0 0.24156249999999999 0.4538020828125 0.2418580734375 0.4688671875 0.2505833328125 0.4695182296875 0.2502213546875 0.45388020781250005 0.24156249999999999 0.4538020828125
0 0.25910546874999996 0.4574192703125 0.2593229171875 0.46705729218750003 0.2785833328125 0.4675546875 0.27847526093749997 0.45778125000000003 0.25910546874999996 0.4574192703125
0 0.08647005156250001 0.4664921875 0.0867591140625 0.4732265625 0.1058020828125 0.47141406249999995 0.10554947968749999 0.4645364578125 0.08647005156250001 0.4664921875
0 0.1922552078125 0.44799218749999997 0.19315625 0.473515625 0.24109635468750001 0.471609375 0.2405260421875 0.44908593750000003 0.1922552078125 0.44799218749999997
0 0.3384075515625 0.4625260421875 0.3387239578125 0.472875 0.34488151093749997 0.47350260468750005 0.3449049484375 0.46332031249999994 0.3384075515625 0.4625260421875
0 0.34689583281249997 0.46122135468750003 0.3469322921875 0.46788281249999997 0.3547513015625 0.46918489531249996 0.3546796875 0.4631015625 0.34689583281249997 0.46122135468750003
0 0.0264427078125 0.47923958281249995 0.026390625 0.48497395781249997 0.0353580734375 0.4836171875 0.0353046875 0.4771536453125 0.0264427078125 0.47923958281249995
0 0.2882135421875 0.4632838546875 0.28835807343750003 0.47350000000000003 0.30178906250000004 0.47400000000000003 0.30164453125 0.46451562500000004 0.2882135421875 0.4632838546875
0 0.30892578125000003 0.4643307296875 0.3091354171875 0.4713697921875 0.3178932296875 0.47241666718750003 0.31808203125 0.465375 0.30892578125000003 0.4643307296875
0 0.0400963546875 0.47058333281250003 0.040205729687500004 0.48028125 0.0566796875 0.4770494796875 0.0567838546875 0.46683072968749995 0.0400963546875 0.47058333281250003
0 0.1580546875 0.45754687499999996 0.15840234375 0.4704921875 0.18846093749999998 0.46878125 0.1881002609375 0.45581770781250003 0.1580546875 0.45754687499999996
0 0.3566197921875 0.4709817703125 0.35670703125 0.47684895781250003 0.3630442703125 0.4773723953125 0.36321875000000003 0.47199479218749996 0.3566197921875 0.4709817703125
0 0.060688801562500005 0.47037500000000004 0.0610065109375 0.4766328125 0.0811848953125 0.4737239578125 0.08122916718749999 0.4665182296875 0.060688801562500005 0.47037500000000004
0 0.12135156250000001 0.46109114531250006 0.1213541671875 0.4702864578125 0.1458203125 0.46804687500000003 0.1452864578125 0.45773437499999997 0.12135156250000001 0.46109114531250006