0 0.520640625 0.4580885421875 0.5060013015625 0.4557291671875 0.5102513015625 0.46706250000000005 0.5220572921875 0.4661171875 0.520640625 0.4580885421875
0 0.5071822921875 0.4613958328125 0.4984466140625 0.4604505203125 0.49868229218750004 0.4665885421875 0.507890625 0.4689505203125 0.5071822921875 0.4613958328125
0 0.7706015625 0.467296875 0.7462044265625 0.45942708281250005 0.7495481765625 0.479890625 0.7706015625 0.48579427031250005 0.7706015625 0.467296875
0 0.49750130156249994 0.46186718750000005 0.49348828125 0.46186718750000005 0.49466796874999996 0.4689505203125 0.4984466140625 0.4684791671875 0.49750130156249994 0.46186718750000005
0 0.5371679687500001 0.45620052031249997 0.5225286453125 0.4557291671875 0.52441796875 0.46470052031250003 0.5374036453125 0.4637552078125 0.5371679687500001 0.45620052031249997
0 0.84325390625 0.48327864531250003 0.8369687499999999 0.4819114578125 0.8383346359375 0.49065624999999996 0.8429804687500001 0.4887447921875 0.84325390625 0.48327864531250003
0 0.74443359375 0.4550989578125 0.7133450515625 0.449984375 0.7103932296875 0.4661171875 0.7416783859375 0.471234375 0.74443359375 0.4550989578125
0 0.6500286453124999 0.4321171875 0.60729296875 0.4292838546875 0.6096536453125 0.448171875 0.6493203125 0.44722916718750005 0.6500286453124999 0.4321171875
0 0.7050416671875 0.4519505203125 0.6677369796875 0.4462838546875 0.6715143234375 0.4717838546875 0.7048059890625 0.4708385421875 0.7050416671875 0.4519505203125
0 0.575890625 0.4495885421875 0.5501536453125 0.4514791671875 0.554640625 0.4656458328125 0.5770703125 0.46517187499999996 0.575890625 0.4495885421875
0 0.8157903640624999 0.4775390625 0.8055416671875 0.47426041718749995 0.8028098953124999 0.4887447921875 0.8162005203125 0.4920234375 0.8157903640624999 0.4775390625